N-deposition	mg N/m2/year		im = 72		jm = 48		year1860			

	0.17	0.17	0.17	0.17	0.17	0.17	0.17	0.17	0.17	0.17
	0.17	0.17	0.17	0.17	0.17	0.17	0.17	0.17	0.17	0.17
	0.17	0.17	0.17	0.17	0.17	0.17	0.17	0.17	0.17	0.17
	0.17	0.17	0.17	0.17	0.17	0.17	0.17	0.17	0.17	0.17
	0.17	0.17	0.17	0.17	0.17	0.17	0.17	0.17	0.17	0.17
	0.17	0.17	0.17	0.17	0.17	0.17	0.17	0.17	0.17	0.17
	0.17	0.17	0.17	0.17	0.17	0.17	0.17	0.17	0.17	0.17
	0.17	0.17	0.64	0.75	0.9	1.32	1.42	0.95	0.31	0.16
	0.13	0.15	0.18	0.22	0.27	0.32	0.42	0.41	0.31	0.26
	0.23	0.23	0.23	0.21	0.35	0.48	0.37	0.17	0.16	0.16
	0.18	0.2	0.22	0.22	0.21	0.17	0.14	0.11	0.09	0.1
	0.11	0.11	0.11	0.12	0.12	0.12	0.11	0.11	0.1	0.1
	0.1	0.1	0.1	0.11	0.12	0.12	0.13	0.13	0.12	0.12
	0.13	0.14	0.14	0.14	0.15	0.16	0.16	0.17	0.17	0.17
	0.18	0.27	0.4	0.45	1.18	1.31	1.37	1.31	1.39	0.74
	0.53	0.16	0.13	0.16	0.2	0.28	0.37	0.46	0.57	0.57
	0.43	0.28	0.23	0.24	0.8	0.7	0.79	0.85	0.57	0.5
	0.3	0.37	0.57	0.44	0.19	0.25	0.26	0.23	0.16	0.1
	0.1	0.13	0.14	0.12	0.1	0.1	0.11	0.11	0.12	0.12
	0.13	0.14	0.15	0.15	0.14	0.13	0.12	0.12	0.11	0.12
	0.11	0.11	0.11	0.11	0.11	0.13	0.13	0.13	0.16	0.16
	0.16	0.17	0.42	0.98	1.05	1.03	1.6	1.62	1.81	1.67
	1.54	1.57	1.82	1.76	2.16	2.02	2.02	1.53	0.76	0.87
	2.87	2.56	0.79	0.56	0.41	0.55	0.95	0.66	0.69	1.19
	1.67	1.25	1.11	1.21	1.25	1.03	0.76	0.88	0.29	0.28
	0.2	0.13	0.13	0.17	0.15	0.11	0.09	0.1	0.12	0.14
	0.15	0.15	0.14	0.14	0.14	0.14	0.17	0.16	0.12	0.13
	0.14	0.14	0.15	0.17	0.18	0.21	0.2	0.21	0.2	0.23
	0.28	0.23	0.22	0.21	0.21	0.92	1.03	1.27	2.49	3.06
	3.07	2.7	2.74	3.18	3.77	3.92	3.32	3.05	2.45	2.39
	2.66	2.61	2.66	2.86	2.2	4.19	4.02	3.51	3.67	4.35
	2.99	0.87	2.26	1.21	1.79	1.76	1.91	1.9	1.85	1.63
	1.49	1.04	0.73	0.78	0.6	0.78	0.88	1.67	2.15	1.42
	0.3	0.28	0.2	0.19	0.15	0.16	0.19	0.18	0.28	0.26
	0.17	0.16	0.19	0.29	0.38	0.41	0.55	0.61	0.5	0.44
	0.42	0.45	0.46	0.42	0.47	0.44	0.78	1.07	1.76	2.04
	4.29	4.77	5.01	4.59	4.07	4.71	4.35	4.56	4.11	3.82
	3.4	3.14	3.55	3.33	3.65	3.64	3.63	3.56	3.4	3.52
	3.64	5.34	5.39	2.35	2.58	1.88	2.06	2.09	2.04	2.11
	1.92	2.3	2.11	2.26	2.18	1.84	2.05	2.67	1.99	2.57
	3.48	3.2	2.76	3.33	2.82	1.74	0.33	0.33	0.28	0.43
	1.11	0.99	0.88	0.29	0.28	0.36	0.38	0.52	0.75	0.9
	0.88	0.85	0.78	0.71	0.72	1.08	1.96	2.37	2.34	3.36
	3.86	4.21	6.21	5.99	4.37	4.25	4.55	3.58	4.28	3.89
	3.82	3.46	3.34	3.39	4.52	5.05	5.13	4.65	3.8	3.81
	3.5	2.88	2.52	2.19	5.11	5.08	1.71	1.07	2.22	2.58
	3.13	2.76	2.94	3.44	3.11	3.08	3.3	3.58	3.76	3.92
	4.01	4.04	4.22	4.11	4.4	4.43	5.17	5.92	5.95	4.5
	4.49	4.3	3.92	3.73	3.13	2.76	2.57	2.4	2.52	2.77
	2.87	3.42	3.83	3.8	3.98	4.04	3.97	4.91	4.2	4.61
	5.19	5.73	5.69	4.88	8.13	7.73	6.35	4.91	5.14	4.71
	4.33	5.33	5.34	6.43	7.09	6.96	7.15	6.71	7.56	7.04
	7.12	7.01	5.8	5.31	4.19	4.64	3.72	4	3.77	2.73
	3.45	3.08	3.28	3.44	3.6	4.25	5.17	4.09	4.26	4.44
	4.66	4.83	5.06	5.35	5.85	5.4	5.48	5.43	5.71	6.62
	7.37	6.79	7.12	6.67	6.87	6.45	5.01	4.15	4.28	3.83
	4.12	4.63	5.1	5.93	5.51	6.2	6.11	6.11	6.82	7.34
	6.98	6.16	7.24	7.11	6.81	6.51	7.32	7.15	7.23	7.01
	5.97	4.88	5.67	6.49	6.66	6.33	7.59	9.01	8.77	9.27
	9.59	9	8.47	7.18	6.99	6.47	6.57	9.03	6.71	4.99
	4.98	4.53	4.63	4.79	5.09	4.01	4.29	4	3.84	3.85
	4.25	4.32	4.21	4.21	4.3	4.68	3.98	4.95	5.61	5.82
	6.42	6.44	6.75	6.3	6.36	6.12	5.82	4.99	4.23	5.39
	5.03	4.46	4.17	4.46	3.93	4.74	5	5.45	5.52	5.29
	6.13	5.53	6.65	6.49	5.88	6.66	7.13	6.86	8.96	9.63
	9.54	8.38	7.83	6.87	7.24	7.43	7.67	8.26	9.69	9.61
	8.93	9.88	11.65	10.76	9.57	8.91	7.64	8.23	9.52	16.69
	8.77	4.07	4.68	4.29	4.46	4.63	6.17	5.99	6.36	6.2
	6.79	5.25	4.8	4.37	4.76	4.66	4.71	3.99	4.67	6.32
	7.96	8.32	8.71	9.7	9.97	9.62	8.37	8.15	7.43	5.85
	5.58	6.44	6.88	7.29	6.1	5.75	5.33	5.93	7.11	8.38
	9.11	9.2	9.68	9.08	11.19	11.26	10.23	11	9.81	7.71
	6.67	6.68	11	9.68	9.04	8.37	9	9.66	9.16	7
	6.89	7.19	6.82	7.08	7.11	8.21	7.27	5.92	6.19	5.58
	9.17	18.71	3.59	9.58	1.03	4.5	5.22	7.2	7.34	7.81
	7.21	6.2	6.08	6.15	4.42	3.82	5.1	4.53	4.24	5.16
	6.57	8.73	11.08	12.14	13.23	11.05	11.59	11.97	8.87	10
	6.41	6.63	7.71	9.3	10.88	12.02	10.29	8.55	7.28	8.33
	9.02	12.5	12.94	14.11	12.18	13.72	13.78	14.07	13.77	13.73
	10.25	4.72	9.06	10.92	10.85	8.76	8.06	6.37	7.27	6.92
	7.06	7.54	5.93	6.39	6.03	6.57	6.51	6.44	6.53	5.86
	5.58	4.74	3.96	15.42	-0.97	7.56	2.38	7.84	8.47	9.85
	6.91	7.79	8.66	8.14	7.67	7.19	4.88	4.03	5.65	5.42
	5.84	6.77	8.48	9.12	9.52	12.77	13.72	12.38	9.88	10.92
	10.19	8.99	8.15	8.37	9.11	10.55	12.05	11.87	12.57	11.64
	12.77	12.27	11.13	12.97	15.52	17.66	15.87	17.63	20.5	17.86
	17.44	35.68	117.87	14.76	11.14	10.52	9.79	6.55	5.99	5.66
	7.3	5.79	5.61	6.16	5.27	4.23	4.22	4.71	5.27	5.17
	4.84	4.3	2.21	0.91	-0.04	6.21	0.08	8.33	4.35	9.07
	12.11	9.36	10.04	12.42	9.37	8.6	7.54	7.56	7.82	6.3
	4.1	4.07	6.51	7.58	8.72	5.76	11.19	12.35	12.38	11.66
	9.27	13.06	12.99	10.43	7.93	6.97	7.5	7.81	7.41	6.89
	6.66	5.64	6.76	6.17	6.39	11.59	14.11	12.62	14.61	59.35
	25.22	24.18	20.29	14.88	65.32	78.97	11	7.02	6.62	6.27
	7.19	6.22	7.07	6.15	6.06	7.01	4.76	3.4	5.22	4.04
	6.73	6.81	6.43	4.7	1.97	0	-0.76	3.14	0.62	10.46
	26.71	18.27	23.26	16.19	16.67	17.16	15.25	13.49	11.65	11.47
	8.02	8.53	7.44	6.48	5.71	7.1	13.36	9.3	11.96	15.14
	15.67	12.54	10.7	11.45	10.35	9.55	7.08	5.86	6.82	5.96
	3.78	3.28	3.41	3.22	4.19	5.42	9.69	12.73	10.25	11.51
	78.27	151.43	51.97	31.43	19.51	11.48	14.44	99.52	17.09	-1.47
	5.28	5.99	7.18	7.13	9.59	8.39	9.45	11.08	8.55	10.26
	11.45	9.48	11.73	10.24	6.64	5.08	2.02	0.47	1.21	8.25
	30.53	25.11	47.39	56.87	27.69	23.38	19.58	22.1	14.14	9.28
	6.65	7.91	5.29	6.03	1.28	-0.89	-3.99	-2.72	6.57	14.69
	13.04	14.44	4.15	3.36	6.61	7.92	0.46	-3.1	1.68	1.65
	0.46	-1.11	-0.33	-0.22	-0.45	-0.83	-3.38	10.97	12.27	11.49
	12.63	28.79	101.87	129.2	63.54	29.23	19.76	10.64	17.13	23.2
	3.24	5.42	5.03	6.73	8.68	10.3	11.43	11.17	12.73	14.25
	14.8	17.55	16.57	15.26	17.91	13.42	7.05	4.75	1.89	3.37
	1.9	3.77	37.06	41.27	55.75	88.9	54.75	36.11	38.44	29.19
	21.45	15.52	12.34	11.4	9.41	5.49	0.16	-3.82	-7.42	-2.45
	11.11	28.28	31.83	16.96	10.52	13.13	14.8	8.8	7.24	4.4
	2.92	1.07	1.44	0.01	-1.58	-2.46	-3.1	-3.92	-1.9	8.63
	-14.68	0.58	18.78	24.17	44.15	102.31	105.43	25.4	14.88	7.13
	0.54	1.61	8.71	7.42	8.51	14.16	18.84	19.93	17.66	17.68
	15.14	18.65	19.17	18.19	16.43	17.66	17.6	9.12	6.65	4.99
	3.89	3.75	2.22	1.02	6.54	61.59	44.66	133.8	95.62	36.38
	41	36.31	30.83	24.15	17.88	11.94	9.56	5.71	0.85	-5.48
	-8.63	5.92	35.78	66.53	59.82	13.2	9.99	23.1	22.78	17.7
	15.6	10.35	6.37	5.98	5.19	2.13	3.1	1.76	-0.73	-1.22
	5.06	-4.07	-16.16	-2.09	11.44	12.3	16.52	14.86	51.06	8.94
	6.8	11.06	6.82	10.11	6.07	12.77	12.91	14.14	17.76	18.67
	19.69	17.18	16.28	17.67	18.59	15.41	12.18	14.76	9.3	6.35
	5.36	4.76	4.88	3.16	3.9	3.72	6.14	32.29	54.9	140.01
	101.1	67.66	28.09	32.3	25.57	18.92	12.01	10.22	9.37	9.31
	4.88	-2.88	-0.69	35.77	103.92	103.01	112.24	34.19	19.89	26.81
	19.05	19.82	14.89	8.78	7.92	7.42	7.66	7.36	5.9	8.79
	5.69	9.21	14.21	-6.29	3.46	19.14	23.22	4.75	41.59	34.71
	26.37	22.9	5.39	5.36	6.91	8.93	21.26	26.05	20.62	16.51
	22.19	18.18	14.44	17	21.06	20.99	14.48	11.91	8.81	4.67
	3.22	1.68	0.69	1.11	0.83	-0.68	-3.07	3.13	19.32	43.89
	58.68	124.56	110.95	74.27	27.82	15.11	16.71	13.33	10.65	8.89
	9.81	7.93	1.71	-3.47	3.39	123.59	166.07	130.12	79.4	41.9
	27.04	48.11	21.49	25.3	15.18	13.76	13.07	13.41	13.95	12.56
	12.94	13.45	13.82	11.07	11.18	27.79	31.62	41.85	50.37	34.06
	52.11	16.67	23.21	4.67	4.02	16.78	15.82	18	32.72	31.46
	22.7	23.03	24.77	28.02	22.15	24.73	26.78	25.48	12.27	10.77
	4.41	0.91	-3.19	-5.26	-5.68	-5.3	-5.82	-9.1	-11.2	12.19
	91.78	98.99	90.79	136.55	129.11	70.42	23.67	22.97	15.56	12.07
	8.01	6.86	11.48	12.58	8.84	4.08	19.08	152.06	114.82	63.03
	53.25	31.89	42.88	63.41	24.73	22.77	13.9	13.49	11.29	12.62
	19.27	14.94	15.24	17.31	12.99	12.85	12.96	22.24	32.11	66.23
	39.05	34.62	65.65	-1.19	34.88	21.12	17.62	20.42	19.65	30.64
	40.92	36.38	35	33.99	32.6	27.81	29.44	25.45	13.94	11.45
	0.22	-4.16	-8.94	-11.84	-14.92	-13.13	-14.85	-13.55	-14.77	-16.9
	7.58	117.37	103.64	98.72	146.57	92.06	101.26	44.16	3.78	23.08
	14.2	10.52	10.07	11.98	17.24	21.29	18.32	17.26	31.3	121.19
	105.63	71.95	132.48	13.86	37.76	38.13	13.74	20.74	15.84	15.01
	10.56	12.57	20.49	21.45	23.91	23.24	32.11	42.66	39.52	42.45
	44	49.47	48.51	21.78	37.99	13.41	4.81	8.04	13.22	12.64
	18.37	37.28	31.22	32.65	32.68	55.48	33.57	23.43	30.16	16.74
	8.3	9.28	1.21	-1.33	-4.99	-7.33	-9.1	-8.22	-6.86	-4.49
	-4.89	-1.28	79.05	116.41	69.42	116.79	122.42	94.05	144.84	73.99
	-28.46	1.95	23.07	12.98	10.76	11.77	15.72	21.37	22.78	22.3
	54.65	145.36	135.61	105.53	33.34	53.09	40.44	26.88	19.75	19.98
	21.98	17.58	19.65	20.68	29.05	30.02	40.99	48.62	68.09	70.95
	63.61	68.96	38.61	38.24	34.85	13.75	40.48	36.53	39.78	25.5
	34.34	21.23	28.34	43.11	10.89	23.51	18.56	32.5	5.42	5.34
	10.57	-1.65	-0.5	6.82	-1.47	-1.13	3.03	-3.61	-0.91	3.58
	2.64	7.36	13.14	4.21	115.7	56.7	56.61	55.44	83.37	95.67
	146.26	147.08	-11.37	4.38	20.29	30.36	21.51	15.59	20.55	24.22
	35.89	44.34	98.4	151.89	210.36	273.69	53.31	31.76	31.69	23.11
	19.36	19.86	25.46	25.83	27.61	26.27	28.18	35.99	41.12	67.56
	106.2	62.51	31.89	60.2	76.59	43.99	37.36	55.93	45.47	18.4
	27.88	36.07	42.71	34.99	43.75	35.38	7.44	9.76	5.19	9.88
	-1.73	-2.48	-0.44	-4.7	-2.99	-0.95	-2.36	-1.4	-0.27	-1.44
	1.39	4.27	4.59	3.44	10.16	17.49	151.58	137.78	57.38	21.67
	93.6	59.52	86.22	63.87	26.29	55.57	54.37	49.19	44.76	35.46
	44.98	42.72	57.14	64.29	129.66	172.49	187.83	265.16	103.41	69.4
	7.61	15.78	15.57	22.94	30.89	28.98	30.38	34.45	30.81	33.31
	31.64	68.87	113.62	15.54	34.35	15.2	59.4	53.18	62.35	58.83
	24.47	36.84	23.21	18.66	18.56	12.09	43.71	23.92	27.93	15.78
	12.86	27.8	10.19	13.21	17.93	10.88	16.74	19.94	8.75	17.76
	29.09	16.62	18.27	33.82	32.12	39.76	65.42	69.34	160.15	238.76
	145	46.82	102.01	65.58	58.63	71.04	74.16	89.52	109.51	104.04
	95.5	84.05	116.52	88.68	61.24	120.93	141.8	115.92	132.94	126.44
	130.3	43.19	11.54	11.98	34.77	32.41	43.93	37.35	39.25	46.2
	45.92	37.81	36.28	63.81	75.08	49.51	59.04	8.11	47.24	58.93
	49.04	28.43	21.81	17.71	49.66	24.05	22.75	19.18	48.32	25.51
	39.94	23.88	20	42.76	33.94	34.86	46.51	37.46	43.92	56.95
	43.45	41.97	61.92	43.43	44.11	59	52.42	64.07	75.97	82.54
	151.89	206.18	133.38	35.14	67.81	25.27	53	67.17	76.32	78.78
	95.05	93.05	82.12	140.28	184.5	120.78	78.49	132.09	122.72	77.78
	82.12	57.74	93.34	151.81	55.75	-4.78	40.73	55.58	68.1	78.28
	65.72	96.31	164.43	81.23	55	46.29	67.36	75.53	59.24	35.35
	66.47	87.68	52.48	41.36	40.39	29.7	50.88	50.05	24.99	42.51
	46.09	34.28	24.63	17.46	19.28	24.4	26.37	23.73	25.54	23.48
	26.22	37.68	41.46	39.96	50.13	55.56	45.66	46.13	38.76	39.69
	32.74	73.98	60.37	48	28.36	28.44	27.98	42.7	37.76	45.39
	48.95	55.08	51.21	48.25	49.02	136.89	97.76	66.08	66.54	80.2
	51.94	34.89	95.63	61.06	77.2	203.89	36.12	13.1	45.26	30.33
	54.11	70.94	73.42	420.83	219.65	77.87	57.04	55.99	53.87	140.89
	49.18	46.17	50.56	46.9	45.76	39.67	35.39	28.83	25.59	38.85
	13.79	29.38	18.28	29.21	9.39	3.82	7.78	6.55	6.7	7.3
	9.82	9.51	12.6	14.16	16.4	19.2	18.3	21.64	18.57	27.65
	38.41	67.1	86.93	86.16	60.24	27.35	15.83	25.92	33.3	27.76
	21.84	26.97	32.25	34.75	32.22	21.46	28.92	60.18	44.01	22.74
	7.07	-1.86	-6.52	6	96.3	50.98	2.06	53.83	10.87	34.42
	3.62	15.33	33.19	45.06	107.48	540.54	188.4	92.44	85.73	80.22
	81.52	102.42	41.37	46.27	76.37	31.67	35.05	34.9	30.24	28.3
	22.51	19.54	14.62	20.29	15.34	15.97	4.43	-0.57	0.54	0.32
	-2.82	-0.37	-4.28	-5.57	-7.21	-4.12	0.95	3.5	5.06	8.77
	12.78	28.88	31.24	94	105.76	12.98	37.24	36.85	59.95	31.62
	32.05	34.52	31.92	30.28	25.61	24.87	21.94	14.69	13.83	5.47
	-30.18	-28.09	-45.29	-23.91	-13.47	8.4	16.25	-0.92	-15.32	-21.46
	12.01	-0.72	-7.34	1.43	4.39	17.69	172.3	564.43	491.95	138.33
	127.91	285.44	156.9	117.53	63.75	37.23	68.77	36.96	38.03	34.65
	33.63	24.15	25.4	21.47	16.29	16.69	13	8.51	6.22	3.78
	-0.16	1.08	-6.2	-1.3	-2.91	-1.45	0.31	4.08	7.52	8.78
	9.16	11.2	19.44	18.36	52.06	25.88	56.95	28.57	26.46	14.87
	40.18	30.94	35.84	32.97	34.47	28.81	21.31	19.68	18.71	14.87
	8.78	0.75	3.07	5.67	-4.99	-0.34	-0.47	6.91	-1.17	0.61
	-3.6	3.02	6.72	-5.51	0.92	4	2.21	21.15	334.87	588.25
	605.94	834.32	713.85	293.3	181.92	202.05	148.58	68.98	38.53	36.79
	36.79	33.07	30.49	27.21	27.73	29.39	21.86	20.11	14.67	7.31
	18.57	16.04	14.6	14.82	15.53	11.55	11.73	13.33	14.54	16.21
	14.57	13.85	12.39	13.45	20.24	24.1	37.86	40.99	41.14	34.83
	47.79	29.96	38.84	37.57	42.38	40.48	36.2	29.23	20.65	14.99
	15.95	16.29	13.27	11.09	3.92	3.54	-0.14	2.09	6.32	2.81
	3.85	5.74	20.42	13.88	-0.48	-3.12	13.55	13.35	43.18	193.79
	197.03	513.86	904.47	995.08	971.84	222.12	113.7	179.58	177.55	139.4
	71.14	42.2	31.37	22.74	19.59	17.93	21.99	25.27	22.86	23.32
	22.08	17.44	18.82	15.28	13.9	14.29	19.21	17.01	14.5	16.5
	15.94	15.69	14.21	14.34	19.41	15.4	18.18	31.65	80.97	88.82
	82.8	92.51	68.76	41.97	35.18	36.76	41.08	45.74	37.39	31.2
	22.42	18.51	16.9	15.99	14.34	16.52	14.77	4.5	3.7	1.5
	5.51	5.24	3.35	5.08	12.37	14.94	3.18	9.7	39.53	29.12
	30.69	151.43	191.94	813.63	718.8	194.36	114.67	200.6	119.07	203.54
	184.86	191.95	124.55	57.73	49.19	34.65	29.73	24.06	23.25	27.86
	29.85	23.68	21.06	19.41	20.31	18.16	17.14	15.01	16.62	18.06
	17.01	14.33	15.26	15.84	13.77	16.23	71.55	40.35	35.66	66.47
	116.65	118.8	167.6	164.73	99.29	57.86	37.86	34.78	30.39	31.54
	28.75	26.16	24.54	20.77	17.07	16.81	15.6	18.29	24.43	14.98
	1.97	1.69	11.11	17.32	21.09	34.64	40.63	31.13	15.65	66.45
	48.98	16.45	27.28	38.25	210.53	392.83	60.04	63.05	49.53	69.82
	121.25	184.3	194.07	237.99	169.27	74.22	107.64	67.63	58.48	56.13
	43.58	33.2	31.88	30.29	25.62	21.55	27.87	24.42	22.31	21.84
	21.97	21.17	19.4	18.56	19.28	16.49	14.45	49.78	136.11	34.41
	48.91	80.74	178.32	192.11	262.16	231.22	224.17	73.2	64.66	56.94
	49.61	37.79	31.49	25.97	21.48	15.7	18.78	18.52	19.73	22.76
	57.34	77.48	34.73	24.42	34.09	53.42	56.02	51.88	71.98	60.34
	63.95	66.82	79.35	31.08	23.99	49.05	109.42	84.17	25.46	27.72
	42.31	40.23	79.28	97.08	148.07	237.13	107.93	86.15	56.05	81.4
	88.55	68.2	52.84	50.49	39.22	35.8	30.85	29.7	33.44	28.76
	23.03	27.18	27.89	23.52	21.9	19.22	20.2	19.3	22	87.74
	61.98	37.25	84.76	120.36	237.19	386.6	414.07	364.89	367.57	303.69
	64.08	62.08	64.18	55.29	43.61	39.51	30.7	25.29	18.89	17.78
	15.84	21.37	98.7	163.82	92.84	42.75	81.25	116.85	116.62	105.79
	89.27	55.65	76.53	117.91	44.44	10.51	17.05	60.07	75.34	49.3
	18.88	7.35	5.25	16.5	15.81	27.73	68.35	184.69	134.44	134.61
	50.18	37.75	54.25	39.95	46.52	47.54	42.35	40.15	37.39	32.73
	28.08	21.55	21.15	19.93	24.77	21.71	20.17	18.29	16.7	18.24
	19.06	60.89	88.16	91.95	81.88	111.94	227.67	654.93	593.97	251.83
	264.64	450.07	105.81	59.42	45.54	36.45	32.91	38.47	34.27	31.13
	22.47	17.89	21.58	23	49.35	86.33	189.41	168.83	227.47	160.67
	205.61	243.61	60.98	65.85	120.54	103.26	25.7	13.79	24.89	19.48
	31.16	47.36	53.74	37.9	14.31	17.84	23.5	30.13	27.71	54.13
	118.79	180.12	123.32	39.82	44.4	30.15	27.43	31.87	30.83	29.21
	29.32	26.39	21.98	19.16	23.03	20.35	21.47	18.82	18.13	17.09
	16.84	17.51	19.8	47.36	142.46	79.19	73.56	96.51	172.73	236.41
	82.51	74.45	65.91	143.6	96.95	43.62	44.36	29.7	35.03	32.46
	39.02	35.68	32.95	26.8	25.29	28.43	36.45	103.47	297.13	303.59
	302.17	306.68	276.54	261.22	252.67	254.88	198.54	99.83	38.79	31.25
	23.97	19.77	34.45	34.57	29.41	34.76	35.67	45.31	45.37	52.76
	41.61	39.43	96.47	149.44	151.95	78.56	24.1	20.67	24.73	23.49
	23.69	24.48	23.19	22.14	16.61	15.18	18.83	19.02	15.78	14.38
	14.36	15.21	16.59	19.6	24.89	34.51	46.89	55.42	61.4	66.35
	59.59	48.13	46.16	29.75	42.36	51.2	45.03	35.81	30.44	23.07
	29.89	35.8	33.63	30.9	28.97	24.92	25.51	26.26	96.55	150.18
	214.39	387.32	345.2	299.76	332.63	207.03	245.89	217.19	187.15	139.82
	131.19	111.69	92.97	84.6	73.04	64.91	98	38.69	38.21	37.96
	57.14	61.85	47.93	109.82	102.28	110.83	94.94	61.59	27.91	17.39
	22.64	19.09	16.57	21.88	20.35	18.35	14.53	13.73	15.28	16.8
	14.27	13.47	13.16	14.19	20.38	24.65	18.97	19.45	19.1	32
	32.94	32.2	31.65	30.04	32.55	25.24	25.93	28.18	28.67	24.45
	18.24	21.59	31.16	28.86	29.7	26.46	26.19	27.03	26.46	29.57
	82.2	166.76	52.43	82.72	275.64	138.58	177.17	226.67	184.45	148.41
	136.46	132.47	133.36	122.78	127.85	125.32	90.36	77.81	103.65	109.08
	55.72	40.93	43.69	44.14	42	46.44	61.35	63.3	58.16	38.79
	23.63	21.56	21.45	20.8	16.15	17.77	18.55	15.76	15.84	13.66
	14.54	14.09	11.29	10.78	16.46	24.54	15.36	16.55	19.61	15.72
	19.61	28.74	28.81	27.43	29.24	23.49	22.56	21.87	19.55	16.88
	19.17	14.83	17.07	24.8	31.22	21.45	19.18	22.67	24.56	26.79
	24.31	26.23	32.51	70.08	39.3	67.1	143.38	224.16	115.05	185.85
	97	98.34	107.24	103.85	90.85	98.75	64.91	44.65	41.04	41.09
	40.12	51.11	49.78	41.43	40.58	42.17	42.19	41.09	42.77	43.37
	38.34	39.18	26.86	25.15	22.52	19.04	13.12	14.66	14.52	16.6
	12.03	9.41	10.42	11.28	7.13	8.67	10.45	10.71	11.67	24.92
	25.32	22.82	15.82	16.84	17.59	16.42	15.52	15.13	19.58	16.47
	10.01	9.77	7.8	8.36	13.31	19.36	8.16	4.75	22.07	18.1
	23.31	23.3	21.77	21.51	20.59	21.82	27.87	38.21	68.74	107.22
	131.23	146.93	88.72	67.82	88.29	66.5	53.08	53.89	41.36	60.18
	46.05	44.83	42.01	45.87	47.27	43.19	46.45	46.62	48.57	42.27
	43.53	44.8	45.3	37.55	33.63	40.01	41.48	33	20.82	15.62
	14.56	13.05	7.36	8.44	10.81	10.84	9.1	12.58	10.78	12.62
	11.56	14.67	16.84	11.93	12.93	14.25	8.28	11.73	10.18	9.9
	11.28	6.81	7.01	7.4	6.63	5.62	7.34	7.83	5.32	3.05
	10.12	9.72	17.23	16.06	11.43	17.48	13.37	15.53	21.17	25.31
	33.6	53.97	76.73	103.88	61.45	28.37	33.57	43.65	40.12	36.09
	31.59	35.87	36.06	28.35	33.17	35.73	37.58	40.91	46.66	50.09
	48.21	48.29	44.82	51.8	37.7	34.36	31.93	38.06	39.8	31.08
	29.99	29.54	16.3	12.38	8.87	9.63	10.32	9.34	6.18	8.05
	8.84	9.95	9.67	11.15	9.28	8.78	6.7	7.47	7.4	6.76
	5.36	5.17	7.02	4.48	5.48	7.01	5.41	5.71	5.7	5.64
	4.12	2.48	1.79	2.29	2.86	3.46	8.04	10.02	11.64	15.36
	18.96	20.72	23.73	30.59	29.85	25.56	29.66	28.92	26.93	24.43
	22.29	21.81	26.64	24.59	18.3	20.55	19.3	16.19	13.22	13.85
	15.72	25.47	22.59	26.15	26.58	29.83	23.04	21.8	20.51	19.6
	12.74	11.04	12.24	11.57	10.37	8.88	7.81	7.64	7.76	7.4
	5.44	6.76	6.39	7.34	7.99	8.32	7.43	8.53	5.81	4.41
	4.26	3.43	2.47	2.93	3.07	3.48	5.19	5.8	4.2	4.66
	4.89	3.28	3	1.78	1.6	1.92	2.61	3.01	6.98	9.21
	12.03	13.88	17.14	19.55	22.09	21.87	17.51	20.98	23.55	21.51
	21.51	22.64	16.13	9.56	9.97	11.76	10.94	10.88	8.87	10.48
	8.78	8.66	9.22	9.68	10.68	8.52	8.92	8.82	7.99	7.93
	6.54	8.46	6.68	8.1	5.55	6.02	7.51	6.54	5.02	4.57
	4.09	3.99	4.14	4.15	4.45	4.8	5.57	6.5	6	5.96
	5.36	4.78	4.18	4.53	4.06	2.2	2.11	2.75	2.84	1.98
	1.66	2.1	1.83	2.08	1.81	1.27	1.17	1.42	1.96	2
	2.54	4.15	6.1	8.93	12.86	13.1	13.53	8.47	6.85	6.68
	9.74	11.72	11.84	11.48	10.29	9.68	7.53	6.86	6.29	5.63
	5.16	6.85	6.47	6.15	5.7	6.18	6.35	4.06	3.23	5.28
	6.06	7.55	8.04	7.31	6.6	4.84	4.8	4.33	5.31	5.9
	3.58	3.66	3.92	3.57	3.68	4.16	4.11	4.02	4.24	4.22
	4.34	4.84	5.32	6.38	5.82	6.4	5.59	4.39	4	3.43
	2.96	1.6	1.57	1.43	1.3	1.71	1.67	1.24	1.28	1.57
	1.51	1.61	1.55	2.85	2.61	2.75	3.9	4.88	6.08	5.47
	5.23	6.31	5.56	6.65	7.12	7.2	6.79	5.98	5.77	5.09
	5.12	4.98	5.24	5.15	5.22	4.73	4.7	4.54	4.99	4.36
	4.18	3.93	4.2	5.22	7.29	7.01	5.78	4.93	5.09	5.32
	4.68	4.11	3.93	4.17	4.58	4.31	4.41	4.1	4.08	4.06
	4.47	4.68	5.19	5.61	5.84	5.67	5.21	4.91	5.09	4.91
	4.59	5.74	5.62	4.94	4.93	5.06	4.33	5.43	5.98	5.6
	5.54	4.82	4.84	4.95	3.99	3.63	4.37	4.13	3.99	3.87
	3.85	3.87	4.54	4.6	4.84	4.89	5.38	5.61	5.82	5.86
	6.04	6.5	6.55	6.7	6.95	6.95	6.61	7.15	6.73	6.17
	5.89	6.13	6.06	7.21	7.31	7.78	7.54	7.12	6.47	6.07
	5.37	4.51	3.96	3.88	5.41	5.41	5.41	5.41	5.41	5.41
	5.41	5.41	5.41	5.41	5.41	5.41	5.41	5.41	5.41	5.41
	5.41	5.41	5.41	5.41	5.41	5.41	5.41	5.41	5.41	5.41
	5.41	5.41	5.41	5.41	5.41	5.41	5.41	5.41	5.41	5.41
	5.41	5.41	5.41	5.41	5.41	5.41	5.41	5.41	5.41	5.41
	5.41	5.41	5.41	5.41	5.41	5.41	5.41	5.41	5.41	5.41
	5.41	5.41	5.41	5.41	5.41	5.41	5.41	5.41	5.41	5.41
	5.41	5.41	5.41	5.41	5.41	5.41				