NHx-deposition	mg N/m2/year		im = 72		jm = 48		year2050			

	0.15	0.15	0.15	0.15	0.15	0.15	0.15	0.15	0.15	0.15
	0.15	0.15	0.15	0.15	0.15	0.15	0.15	0.15	0.15	0.15
	0.15	0.15	0.15	0.15	0.15	0.15	0.15	0.15	0.15	0.15
	0.15	0.15	0.15	0.15	0.15	0.15	0.15	0.15	0.15	0.15
	0.15	0.15	0.15	0.15	0.15	0.15	0.15	0.15	0.15	0.15
	0.15	0.15	0.15	0.15	0.15	0.15	0.15	0.15	0.15	0.15
	0.15	0.15	0.15	0.15	0.15	0.15	0.15	0.15	0.15	0.15
	0.15	0.15	0.56	0.66	0.73	1.21	1.33	0.9	0.28	0.14
	0.13	0.15	0.18	0.22	0.26	0.31	0.38	0.37	0.27	0.24
	0.22	0.23	0.26	0.25	0.42	0.6	0.45	0.18	0.16	0.16
	0.18	0.21	0.24	0.25	0.24	0.18	0.14	0.11	0.11	0.11
	0.11	0.11	0.11	0.11	0.1	0.1	0.09	0.09	0.09	0.08
	0.08	0.08	0.09	0.09	0.09	0.1	0.1	0.1	0.11	0.11
	0.12	0.12	0.13	0.14	0.15	0.17	0.17	0.17	0.15	0.13
	0.14	0.23	0.32	0.35	1.11	1.23	1.26	1.13	1.17	0.62
	0.46	0.13	0.12	0.14	0.19	0.27	0.36	0.45	0.56	0.56
	0.4	0.25	0.2	0.22	0.87	0.76	0.85	0.89	0.55	0.53
	0.32	0.4	0.58	0.43	0.21	0.27	0.27	0.25	0.15	0.12
	0.14	0.17	0.15	0.12	0.1	0.09	0.09	0.09	0.1	0.1
	0.11	0.11	0.12	0.11	0.11	0.1	0.1	0.09	0.09	0.09
	0.09	0.1	0.1	0.11	0.11	0.12	0.13	0.13	0.16	0.15
	0.12	0.12	0.33	0.91	0.95	0.94	1.68	1.66	1.78	1.57
	1.37	1.44	1.67	1.63	2	1.79	1.78	1.41	0.75	0.86
	2.57	2.35	0.78	0.55	0.4	0.57	1.01	0.7	0.72	1.31
	1.81	1.3	1.22	1.38	1.4	1.13	0.85	0.88	0.36	0.34
	0.23	0.16	0.17	0.16	0.13	0.12	0.12	0.1	0.12	0.12
	0.12	0.13	0.13	0.14	0.15	0.14	0.15	0.13	0.1	0.11
	0.11	0.11	0.12	0.15	0.18	0.21	0.18	0.19	0.17	0.22
	0.28	0.22	0.2	0.16	0.15	0.9	1.06	1.3	2.63	3.01
	3.05	2.72	2.79	3.19	3.69	3.66	3.03	2.8	2.3	2.19
	2.43	2.45	2.47	2.65	2.08	3.87	3.8	3.27	3.44	4.08
	2.91	0.88	2.51	1.42	2.06	2.1	2.31	2.44	2.42	2.22
	1.86	1.25	0.8	0.94	0.79	0.85	1.02	1.94	2.52	1.76
	0.35	0.34	0.19	0.17	0.16	0.14	0.17	0.15	0.25	0.19
	0.13	0.13	0.16	0.26	0.36	0.42	0.56	0.62	0.51	0.45
	0.44	0.47	0.46	0.43	0.48	0.4	0.74	0.98	1.75	2.01
	4.19	4.7	4.89	4.53	4.01	4.57	4.22	4.37	3.84	3.51
	3.12	2.95	3.34	3.2	3.44	3.36	3.37	3.43	3.28	3.41
	3.49	4.97	5.08	2.37	2.67	2.03	2.34	2.35	2.37	2.68
	2.56	3.19	2.95	3	2.83	2.52	2.89	3.62	2.37	3.01
	4.01	3.77	3.2	3.76	3.19	2.15	0.39	0.32	0.23	0.39
	1.09	0.85	0.85	0.26	0.26	0.36	0.36	0.52	0.77	0.93
	0.88	0.87	0.78	0.68	0.71	1.1	1.97	2.33	2.32	3.25
	3.86	4.08	6.19	5.8	4.23	4.14	4.32	3.38	4.14	3.72
	3.65	3.3	3.13	3.1	4.3	4.89	4.73	4.3	3.46	3.45
	3.26	2.67	2.26	1.95	4.55	4.56	1.76	1.33	2.65	3.04
	3.93	3.8	4.24	4.78	4.48	4.36	4.42	4.62	5.09	5.3
	5.72	5.58	5.51	5.04	5.51	5.69	6.34	7.05	7.43	5.54
	5.51	5.07	4.61	4.54	3.55	3.11	2.89	2.68	2.86	3.16
	3.17	3.6	4.06	3.91	4.18	4.18	4.02	5.14	4.38	4.67
	5.23	5.84	5.78	4.81	8.17	7.6	6.24	4.72	4.94	4.49
	4.01	4.83	5.13	6.29	6.84	6.77	6.81	6.3	6.83	6.25
	6.28	6.29	5.15	4.73	3.66	3.98	3.26	4.64	4.34	3.42
	5.11	4.79	5.93	5.73	5.66	6.35	7.34	6.28	6.35	6.3
	6.34	6.41	6.69	7.12	7.65	7.21	7.27	7.06	7.02	8.19
	9.6	9.35	9.99	9.12	9.06	8.13	6.12	4.91	5.22	4.54
	4.9	5.43	5.67	6.53	5.92	6.7	6.63	6.41	7.11	7.52
	7.13	6.17	7.1	7.08	6.78	6.64	7.32	7.14	7.12	6.8
	5.69	4.52	5.09	5.7	5.98	5.93	7.2	8.44	8.12	8.6
	8.61	7.9	7.31	5.98	5.74	5.3	5.52	9.16	11.1	6.97
	6.69	7.36	7.66	7.4	8.23	7.27	7.48	7.07	6.93	6.26
	6.34	6.21	6.04	6.06	6.39	6.85	5.82	6.54	7.22	7.82
	8.69	8.96	9.04	8.41	8.93	8.41	7.74	6.41	5.84	7.29
	6.52	5.67	5.32	5.52	4.8	5.59	5.55	5.74	5.57	5.21
	6	5.24	6.5	6.22	5.92	6.73	7.32	6.85	8.98	9.74
	9.31	8.05	7.55	6.61	6.69	6.71	7.11	7.7	9.13	8.91
	8.12	8.44	10.2	9.33	7.94	7.3	5.87	6.51	8.3	89.76
	318.53	24.38	17.7	10.17	9.31	9.08	10.49	10.4	10.63	9.68
	9.96	7.76	7.02	6.53	7.32	6.99	6.52	5.28	6.07	7.93
	9.89	10.86	12.04	13	13.77	13.03	11.55	11.08	9.36	6.98
	6.6	7.88	8.57	8.96	7.08	6.81	6.28	6.52	7.51	8.61
	9.21	8.87	9.02	8.55	10.87	11.03	10.45	11.53	10.15	7.56
	6.35	6.5	10.52	9.05	8.32	7.4	7.92	8.47	7.94	6.14
	5.9	6.04	5.64	5.3	5.53	6.34	5.34	4.1	4.27	3.89
	7.3	189.41	590.73	59.28	19.65	13.9	14.71	15.45	14.91	14.2
	12.75	10.87	10.17	9.8	7.49	6.41	8.16	6.65	5.82	5.95
	7.21	9.86	14.19	15.55	17.44	14.76	16.5	17.04	11.81	12.44
	8.17	8.02	8.93	10.75	12.47	12.89	10.73	9	7.47	8.57
	9.22	12.79	12.44	13.14	11.55	13.02	13.09	13.12	13.41	14.4
	12.3	4.73	9.09	10.78	9.87	7.64	6.77	5.19	5.71	5.44
	5.69	6.04	4.45	4.48	4.2	4.63	4.53	4.1	4.03	3.56
	3.29	2.46	2.4	55.02	651.03	150.95	20.21	22.92	23.91	21.29
	15.41	15.15	14.74	13.84	12.05	10.65	7.31	6	7.87	7.16
	6.93	8.2	10.24	10.86	12.62	15.85	17.17	15.82	13.26	14.77
	13.52	11.62	10.43	10.11	10.46	12.33	13.58	12.18	13.08	12.57
	13.36	12.68	11.42	13.38	14.38	15.91	14.34	18.44	20.14	16.35
	16.11	55.22	260.07	21.22	13.19	9.47	8.05	4.45	3.81	3.47
	4.58	3.4	3.14	3.34	2.66	1.53	1.68	2.01	2.3	2.07
	1.6	1.02	-0.48	-1.08	-0.92	242.14	710.76	493.71	57.1	28.48
	32.03	17.93	17.87	21.08	16.68	14.24	11.03	10.8	10.74	8.22
	4.92	4.57	8.08	9.04	10.89	7.85	16.03	16.95	16.53	16.19
	12.1	16.79	16.86	13.1	9.9	8.73	8.91	8.88	7.82	7.21
	7.18	6.07	7.22	6.45	6.37	9.6	10.89	10.28	15.5	159.14
	27.34	22.59	17.58	13.77	138.45	165.62	11.18	4.15	3.77	3.2
	3.67	2.53	2.96	2.21	2.01	2.47	0.52	-0.67	1.1	0.25
	1.89	1.97	1.25	0.39	-1.2	-2.23	-2.24	345.94	608.57	991.32
	819.07	71.68	55.31	29.28	29.01	27.88	23.05	19.38	13.85	12.5
	8.18	8.62	7.01	6.59	6.8	9.52	23.53	22.46	26.43	28.91
	25.67	18.21	12.81	13.29	11.04	9.61	7.82	6.08	6.53	5.67
	3.49	3.12	3.11	3.39	4.45	6.51	9.34	9.6	6.97	10.72
	210.06	420.47	82.92	29.96	15.92	8.57	14.31	227.23	14.22	-5.34
	1.18	1.65	2.21	2.32	3.67	2.63	3.13	4.78	2.59	3.48
	4.71	3.57	4.53	2.82	0.61	0.3	-1.13	-1.48	0.08	148.48
	710.14	1178.56	1704.55	978.96	86.58	43.4	32.83	32.41	15.88	9.06
	5.24	6.91	3.21	4.06	-0.19	-1.8	-4.93	50.19	342.57	199.94
	43.23	30.67	10.03	3.93	6.32	6.42	-2.17	-5.45	0.32	0.35
	-0.8	-2.52	-1.45	-1.25	-1.21	-1.44	-3.79	53.95	23.23	7.73
	7.89	80.31	379.84	406.79	156.29	25.94	14.85	6.51	22.36	43.84
	-1.33	0.02	-0.24	1.03	2.06	2.9	3.92	4.17	4.78	6.11
	6.4	7.84	7.16	6.76	7.6	4.67	1.52	0.61	-0.72	1.25
	1.13	55.47	817.67	849.7	1674.3	4212.21	742.43	70.84	56.9	34.9
	21.19	14.29	9.89	8.34	6.33	3.18	-1.53	-5.64	-9.08	78.46
	495.61	582.07	296.82	33.77	14.82	13.04	12.28	6.07	3.08	0.57
	0.17	-0.9	-0.6	-1.87	-3.55	-4.55	-4.69	-5.84	-3.16	70.99
	0.83	-3.7	14.77	49.5	87.32	215.94	326.32	21.75	8.07	1.28
	-3.13	-2.09	2.98	1.59	2.84	6.09	8.01	8.19	7.76	7.58
	6.79	8.31	8.77	8.16	7.57	8.55	8.55	3.88	3.08	2.41
	1.96	1.99	1.29	6.76	462.72	560.62	1130.29	3451.06	3088.17	97.46
	50.68	36.38	24.14	16.72	12.4	8.06	6.38	3.38	-1.59	-9.77
	-10.99	60.96	223.68	799.67	862.66	19.55	12.84	49.09	17.89	13.08
	11.2	6.4	2.91	2.82	1.75	-0.28	0.55	-0.97	-3.26	-3.77
	1.63	4.18	-14.03	-16.94	-1.51	5.79	7.71	15.93	145.52	16.49
	0.55	4.29	1.24	3.46	-0.08	6.49	4.35	5.4	7.2	7.43
	8.13	6.8	6.86	7.6	7.76	6.66	5.09	7.19	4.31	2.66
	2.38	2.19	2.6	1.3	2.58	5.09	144.2	306.16	1184.4	2022.29
	2774.82	1328.65	85.44	24.18	15.38	10.7	6.5	6.25	6.15	5.92
	1.57	-8.59	-4.7	111.58	158.47	372.32	527.61	104.22	56.04	563.5
	15.4	24.01	9.64	4.68	3.8	2.76	3.33	4.5	3.64	5.77
	2.96	5.95	9.26	-7.11	-6.69	4.05	4.1	-14.88	26.45	49.41
	74.59	16.37	-2.12	0.17	-0.7	2.36	11.68	12.79	8.22	4.08
	7.42	5.87	4.9	4.43	5.91	7.48	4.8	3.46	2.49	-0.83
	-0.92	-2.13	-2.29	-1.78	-1.73	-3.16	-5.41	2.74	285.98	636.9
	449.45	927.47	1457.82	1728.13	660.67	4.15	7.07	6.28	5.31	4.76
	6.04	3.82	-3.24	-10	6.59	224.22	430.23	390.35	841.99	133.52
	31.53	701.98	57	51.72	8.39	7.54	7.08	6.79	7.7	7.74
	8.43	9.36	9.53	6.05	3.27	13.98	15.14	21	17.58	5.06
	49.53	77.13	17.13	-7.22	-5.82	7.51	7.8	10.63	16.55	15.38
	6.84	6.81	8.12	11.07	9.33	9.76	11.61	10.76	3.43	2.24
	-1.52	-4.56	-7.46	-10.5	-8.93	-10.02	-9.01	-15.82	-10.29	296.58
	660.99	257.11	262.17	661.87	938.25	1364.34	670.05	11.06	5.54	3.95
	2.04	1.37	5.8	6.48	0.96	-7.24	12.42	282.31	249.21	369.23
	549.86	372.34	105.1	491.06	192.92	12.91	4.66	4.21	3.07	3.46
	8.25	7.19	8.01	9.08	5.9	4.14	1.71	7.88	15.97	69.61
	16.58	16.33	76.96	30.24	19.51	6.91	2.01	7.95	11.99	16.39
	13.35	10.93	9.35	8.6	10.99	8.88	10.29	9.17	2.84	0.41
	-7.4	-11.62	-15.43	-17.47	-20.22	-18.93	-21.08	-19.07	-23.68	-20.91
	199.49	482.61	161.3	414.78	223.21	167.41	677.57	1030.64	894.77	10.46
	4.15	1.81	2.36	4.74	9.26	12.17	6.6	1.13	19.76	312.06
	208.76	246.49	660.01	299.45	212.4	48.64	58.67	5.94	1.35	1.74
	-0.33	-0.09	5.98	7.25	9.19	7.53	14.91	23.97	25.23	26.25
	34.58	35.8	78.21	31	31.82	1.87	-12.39	-8.9	-4.13	-1.85
	0.83	10.3	9.53	10.93	12.16	27.81	15.88	9.08	13.3	4.57
	-0.81	-0.26	-6.47	-9.58	-13.09	-13.11	-16.46	-15.79	-16.14	-13.63
	-16.93	-0.94	335.1	103.6	132.42	119.59	231.12	235.54	515.44	1085.15
	1002.15	415.15	9.54	-0.58	-1.07	1.11	4.37	8.98	6.41	2.29
	61.81	361.84	259.03	267.25	602.16	781.46	174.7	22.96	11.6	8.35
	8.81	6.32	9.06	7.84	13.49	12.58	23.6	29.64	85.63	637.52
	1458.23	710.42	377.68	373.79	20.53	-1.59	132.92	71	15.44	4.75
	12.48	0.91	5.33	14.69	-1.26	6.77	4.86	14.11	-2.97	-5.05
	-1.61	-8.16	-8.97	-4.8	-8.72	-9.57	-8.15	-9.57	-11.09	-8.93
	-11.24	-7.68	-0.86	10.36	704.2	30.01	6.26	11.93	81.04	154.38
	250.66	1240.73	1004.59	203.78	-1.82	5.07	-0.8	-4.13	0.01	4.8
	12.58	17.98	106.48	486.56	395.52	496.46	611.32	901.18	254.71	21.96
	15.47	21.74	21.56	20.73	22.68	19.19	18.31	23.99	27.78	63.67
	227.38	851.43	224.77	211.22	710.48	34.31	17.68	31.84	34.93	48.32
	2.06	10.01	15.41	9.38	15.24	11.84	-1.84	-0.05	-2.66	0.28
	-6.46	-9.07	-8.14	-8.97	-9.36	-8.34	-8.32	-8.19	-9.58	-6.92
	-7.46	-5.68	-6.98	-9.16	-4.42	14.38	1258.4	99.53	18.86	-15.21
	108.14	391.29	984.55	297.4	18.63	34.05	29.73	28.23	26.64	18.74
	30.3	31.69	49.4	55.8	187.35	275.7	187.37	378.46	1300.07	1298.54
	855.73	64.52	28.24	41.61	55.46	47.29	42.68	41.61	30.24	30.56
	25.25	76.46	579.07	115	741.72	197.05	349.08	56.65	32.21	25.76
	10.31	17.69	3.75	1.01	2.65	0.01	19.58	8.53	15.64	7.64
	4.31	16.15	3.81	5.27	7.6	3.97	6.9	8.92	-0.09	4.27
	10.47	4.12	2.79	14.24	12.02	18.5	42.15	65.42	472.8	1674.46
	550.26	81.56	343.7	53.55	206.99	56.43	54.28	72.53	95.61	94.33
	93.75	88.04	143.75	103.82	83.18	291.86	537.74	325.25	284.37	296.7
	1121.23	1237.06	963	597.58	75.85	71.83	99.89	85.97	92.49	104.19
	84.39	49.76	40.4	336.54	956.31	83.79	430.03	63.96	43.93	69.09
	24.45	10.34	6.35	2.52	22.25	8.14	7.57	5.8	26.85	13.68
	30.19	16.73	13.68	32.69	25.81	27.2	36.44	29.35	36.98	47.06
	37.69	37.08	49.49	32.05	34.07	45.28	40.89	48.26	60.3	160.79
	298.1	2481.07	1527.91	511.96	204.68	42.39	44.5	60.84	73.66	78.36
	94.13	95.92	91.88	222.22	598.61	831.92	870.76	2286.27	1388.6	553.33
	412.66	442.9	885.6	1226.14	1626.19	921.12	191.28	168.98	210.93	232.84
	171.39	430.14	913.04	168.48	100.83	195.69	734.58	158.75	94.25	119.02
	185.67	655.4	38.62	21.78	22.5	14.34	28.07	28.92	12.59	27.52
	31.11	24.93	19.01	13.13	15.62	19.66	22.11	19.69	21.42	19
	24.21	35.15	41.22	40.39	52.42	57.41	50.58	50.31	38.86	48.09
	75.69	740.65	149.08	1068.13	812.07	773.8	96.99	37.28	35.39	45.97
	51.87	61.6	57.89	58.08	68.56	589.56	467.95	695.51	844.25	1474.07
	1691.4	640.48	535.89	819.6	856.94	1769.53	1475.98	585.09	197.77	123.13
	183.91	221.84	179.9	2891.29	1597.89	201.07	126.18	123.46	257.13	1252.37
	166.18	68.92	423.31	370.97	40.41	26.71	21.33	15.7	13.22	24.01
	5.22	18.47	10.19	21.59	5.94	1.41	6.22	3.4	4.19	5.62
	8.22	6.96	11.2	14.31	20.89	31.23	35.14	45.63	41.67	62.81
	88.26	346.81	1626.22	625.49	73.32	35.52	14.52	29.12	57.33	24.27
	20.31	28.58	36.05	40.46	40.25	30.07	147.94	757.57	469.06	559.44
	617.72	578.14	634.76	375.86	567.02	663.61	735.75	966.86	508.94	303.28
	43.22	83.32	128.07	151.07	301.9	3924.77	1468.07	243.14	212	168.56
	1366.34	1142.87	384.32	84.31	601.34	112.33	31.58	28.95	19.8	18.99
	14.24	10.38	6.73	12.96	10.48	11	2.37	-1.97	0.14	0.04
	-1.83	7.74	-5.03	-7.58	-6.84	-2.5	7.54	15.91	21.07	28.16
	39.62	580.43	1807.47	813.8	309.18	48.67	168.64	467.62	716.87	98.99
	41.36	31.92	31.44	32.18	28.18	27.81	23.87	15.24	29.08	332.04
	87.34	98.81	190.5	85.59	17.46	43.52	123.5	67.84	274.99	437.97
	137.41	101.53	16.35	40.4	47.73	88.39	669.34	4121.23	3875.18	638.25
	354.98	1626.67	1609.2	1159.36	350.49	128.33	502.91	50.21	46.78	36.62
	31.88	19.88	19.51	15.84	10.64	12.63	10.95	5.97	6.09	5.11
	1.54	5.22	0.07	4.59	-0.16	0.58	3.92	8.46	14.64	18.19
	18.74	30.47	113.31	1195.91	1890.02	66.69	389.23	387.56	1167.37	330.56
	88.54	29.11	34.2	30.53	33.97	30.21	22.49	21.29	20.66	15.84
	9.34	-0.39	-0.08	6.78	61.16	107.97	13.56	7.36	-1.84	12.28
	270.81	69.61	378.26	83.75	57.66	16.12	31.16	148.91	2329.97	4289.56
	4545.73	5719.14	3833.87	1379.65	1115.44	1998.53	3030.66	888.1	128.32	79.47
	68.61	47.92	37.89	27.73	28.54	30.96	22.72	21.32	16.32	7.75
	25.5	22.98	20.34	21.61	22.85	19.38	19.52	21.13	24.24	23.27
	18.52	16.63	16.1	169.86	544.29	1151.64	850.29	82.18	71.1	74.71
	105.87	35.78	41.16	37.04	42.05	38.91	35.4	28.67	19.33	15.57
	18.43	19.66	16.5	14.21	9.28	0.43	1.19	5.84	12.36	8.82
	4.97	21.34	835.75	65.44	117.53	353.72	179.53	89.1	382.89	2193.93
	1810.35	4082.86	6872.34	7120.58	6392.95	957.42	1553.45	2944.17	3559.66	3021.2
	726.99	156.39	82.77	55.07	33.29	31.63	32.82	32.69	27.91	29.65
	29.62	24.22	29.89	25.19	22.64	22.56	31.31	26.11	22.86	25.81
	26.35	23.86	16.6	14.48	23.18	402.83	813.57	843.51	548.35	231.58
	147.8	204.86	110.7	48.66	35.72	38.03	42.4	45.05	35.3	29.09
	21.27	18.63	19.38	19.9	19.25	27.7	224.86	34.14	8.99	1.85
	6.39	21.55	13.56	32.77	1071.28	97.06	27.75	198.17	468.07	560.03
	426.97	1463.03	2092.86	6345.82	5223.11	1213.82	657.17	1064.43	2104.33	5230.42
	4542.69	3987.54	2326.48	296.63	185.33	119.07	85.02	66.92	56.62	59.62
	55.83	41.06	36.91	33.77	50	43.82	36.11	29.18	31.08	33.29
	31.38	26.76	26.55	25.43	18.54	18.7	188.68	229.84	123.28	171.69
	333.14	394.94	410.85	344.5	179.07	93.56	53.25	40.49	32.84	32.48
	26.42	25.88	25.51	23.01	20.59	22.38	21.52	31.19	693.35	671.62
	151.1	82.05	117.88	62.7	190.71	280.54	516.15	745.13	160.94	1279.54
	742.82	201.78	418.81	307.45	2031.67	2944.21	233.47	157.85	104.97	377.04
	2338.83	2603.61	3948.27	5645.09	4419.43	454.52	523.92	318.31	224.95	191.04
	144.58	104.15	94.14	81.97	67.22	54.92	78.65	70.91	57.44	52.43
	49.53	48.39	42.87	41.25	36.84	30.69	23.56	108.08	291.65	33.39
	44.11	162.22	601.31	594.41	642.82	461.94	385.07	131.74	115.14	92.47
	66.29	46.69	36.21	30.08	23.3	20.37	25.61	28.32	30.41	37.27
	167.85	514.61	576.82	483.18	504.24	185.35	153.98	430.1	1425.78	1114.28
	1319.87	1018.93	893.71	231.89	198.76	238.1	1024.43	597.89	155.77	93.06
	91.71	157.85	858.88	1901.4	3042.62	5822.94	2040.83	1536.87	411.74	461.27
	475.99	304.59	204.42	174.03	135.8	113.61	96.81	85.01	93	76.04
	65.89	70.27	66.13	59.57	55.86	49.34	46.77	40.3	40.25	152.8
	82.64	73.19	92.37	271.87	661.19	989.92	1010.19	900.91	671.99	691.29
	121.31	107.05	105	83.74	61.48	55.4	40.97	31.96	28.39	28.78
	28.33	39.77	343.09	766.62	360.38	103.15	286.95	458.46	453.22	1123.06
	1626.34	822.9	848.76	754.95	143.44	28.45	69.62	226.76	283.65	372.28
	264.97	233.42	222.74	436.14	201.12	731.62	1641.55	4212.31	2893.46	1774.89
	325.54	179.88	322.81	186.63	202	180.43	143.68	125.74	113.68	101.26
	73.59	54.88	51.37	48.61	54.89	54.08	50.26	45.03	40.66	39.63
	38.88	119.56	107.48	110.25	64.95	144.47	534.12	1393.05	1183.05	528.01
	729.93	1003.23	183.77	123.81	76.08	52.98	45.23	57.06	50.2	42.88
	32.03	27.65	36.16	39.63	116.61	271.93	717.4	647.69	923.05	540.49
	871.42	1150.89	225.19	289.52	624.28	446.28	60.53	22.92	82.61	67.24
	102.38	143.05	548.78	920.34	494.2	183.28	145.93	143.7	286.05	1319.49
	2870	3359.97	1210.59	150.26	226.58	130.56	124.03	116.92	102.02	90.43
	81.63	72.72	47.48	38.02	47.1	43.67	43.86	38.92	40.16	38.3
	37.97	37.15	39.5	118.74	246.76	99.64	188.74	271.45	520.71	539.12
	102.61	138.51	115.85	373.83	211.14	95.52	60.45	34.86	42.43	45.09
	61.79	54.76	46.82	38.93	38.76	45.64	71.63	396.17	1272.35	1193.63
	1311.47	1216.06	1330.96	1220.27	1308.81	1344.94	1083.77	339.18	80.08	55.39
	43.04	34.29	62.26	66.74	85.93	283.17	91.89	61.88	193.98	447.36
	384	806.11	1477.34	3123.05	1883.16	543.97	90.59	75.18	91.62	76.12
	74.61	69.27	57.17	50.34	31.03	27.36	36.08	38.8	31.45	28.45
	30.72	32.89	33.73	39.79	47.55	71.53	71.71	156.67	273.6	332.86
	234.2	71.42	33.03	22.8	40.13	40.8	35.53	30.86	23.05	25.26
	42.08	53.42	53.02	46.8	41	36.42	37.35	44.61	497.92	708.94
	992.81	2603.28	1239.91	910.48	1262.29	870.61	1182.45	1128.1	995.68	570.98
	597.78	448.55	321.71	343.51	284.14	321.8	513.62	101.42	111.17	57.98
	88.04	139.52	156.86	541.04	732.55	945.41	311.96	150.83	31.28	48.02
	63.8	47.44	44.7	57.94	49.65	40.83	32.32	26.98	30.86	35.77
	27.67	23.78	23.75	26.72	42.29	49.41	14.4	7.21	4.78	40.34
	75.72	48.96	18.21	16.35	26.75	22.08	28.6	16.94	14.55	12.48
	12.41	27.62	44.92	42.93	41.6	36.99	37.83	41.21	41.12	48.9
	387.33	813.82	163.28	336.58	1112.66	368.08	751.28	1074.43	771.49	733.31
	673.07	615.42	708.87	566.78	525.95	599.44	419.29	305.62	383.95	408.82
	189.04	43.98	77.39	40.78	53.44	37.44	71.31	82.04	74	49.42
	45.32	48.6	44.29	39.25	24.88	40.02	40.19	35.6	30.31	23.59
	25.06	23.22	18.69	13.6	27.89	44.38	25.62	24.53	7.18	-1.18
	0.1	19.18	16.85	8.42	10.27	14.26	19.55	22.73	22.97	11.51
	13.51	11.02	20.36	34.69	44.29	30.63	28.14	34.75	39.33	44.11
	39.37	41.88	64.74	280.72	83.06	140.81	320.52	317.29	188.08	495.93
	336.91	367.23	329.59	317.56	298.06	263.2	99.5	86.51	61.91	49.62
	52.63	69.13	47.99	25.33	20.02	18.75	30.78	43.87	30.04	23.31
	12.08	12.61	18.91	24.71	20.52	23.65	17.23	24.3	29.16	34.12
	21.49	14.32	16.33	14.56	3.86	4.66	12.93	12.62	8.81	12.73
	14.89	1	-8.1	2.27	3.22	5.36	6.74	8.49	15.86	15.03
	10.47	7.97	5.02	8.05	17.95	30.38	10.77	5.97	35.86	30.46
	39.65	41	36.27	35.88	35.48	41.31	50.68	69.65	43.69	55.99
	212.73	100.26	57.43	93.79	156.64	76.78	47.96	56.97	33.32	83.85
	40.54	29.41	17.33	16.98	16.88	10	12.4	9.23	10.23	8.68
	21.42	65.88	60.46	19.11	9.61	7.6	8.49	11.81	15.92	10.55
	9.8	11.95	7.39	7.87	13.45	10.13	4.56	7.46	5.82	7.75
	9.07	5.07	-0.48	-1.93	1.14	2.57	4.65	9.85	8.07	6.17
	8.79	4.25	5.55	5.48	3.45	3.78	8.6	9.21	4.73	2.91
	15.04	17.32	31.11	28.69	17.28	24.45	19.48	23.55	34.56	41.37
	41.17	28.93	39.19	30.02	17.9	25.97	30.83	39.99	28.67	25.96
	26.95	30.16	28.07	18.21	16.85	16.84	20.48	20.76	13.93	9.69
	9.07	10.02	23.3	24.1	6.81	7.45	4.31	0.61	0.52	2.31
	7.98	7.31	6.43	5.84	8.04	13.05	14.44	8.2	4.43	5.54
	6.07	7.27	8.02	9.8	8.27	7.6	5.33	4.72	4.81	5.59
	6.25	3.49	5.74	2.85	3.68	4.84	3.75	5.46	6.21	5.29
	3.43	2.59	1.71	2.2	2.83	3.9	12.95	16.73	18.97	24.78
	30.39	33.34	37.5	43.7	33.66	22.76	40.02	47.7	44.54	43.59
	35.78	28.86	31.92	29.73	17.27	21.63	19.33	13.82	9.6	8.64
	6.92	8.56	5.32	4.16	6.67	9.03	5.85	4.65	2.23	2.56
	3.17	3.23	5.59	5.79	6.15	5.56	6.71	8.18	8.62	6.81
	5.28	6.25	6.45	7.49	8.6	9.82	8.49	7.17	4.23	2.95
	2.72	2.83	2.09	2.05	2.66	2.08	3.6	4.12	3.95	5.13
	5.57	2.81	2.43	1.58	1.34	1.53	2.01	2.22	7.65	12.68
	18.65	23.03	29.94	35.42	38.5	36.73	27.99	35.81	44.2	40.9
	41.32	45.75	34.58	15.58	13.48	17.45	13.49	14.73	11.28	9.4
	5.65	5.36	5.97	5.49	5.01	5.62	7.17	6.48	6.38	5.83
	3.56	6.17	4.21	6.6	5.98	6.32	6.86	5.41	4.2	4.35
	4.17	4.13	4.54	4.45	4.25	4.8	5.57	6.06	5.67	4.96
	4.2	3.65	3.38	3.61	3.14	1.71	1.36	1.24	1.82	2.06
	1.41	1.47	1.53	1.69	1.39	1.04	1.02	1.16	1.56	1.67
	2.88	4.9	7.76	12.03	20.93	23.05	21.58	10.07	9.08	10.64
	14.05	16.32	16.74	17.23	17.98	15.75	10.56	9.89	9.04	8.92
	8.13	9.16	5.66	4.65	3.92	4.08	4.76	4.06	3.96	6
	6.16	6.9	5.46	4.75	6.45	6.68	6.08	3.66	4.07	4.62
	3.39	3.34	3.66	3.51	3.95	4.31	4	4.01	4.18	4.07
	4.27	4.57	5.01	5.96	5.91	6.01	5.55	4.25	3.35	2
	1.54	1.13	1.29	0.96	1.07	1.92	1.71	1.09	1.06	1.25
	1.23	1.91	1.98	3.86	5.01	5.51	6.34	8.79	9	5.96
	5.4	8.05	9.65	11.47	11.64	10.4	9.34	8.24	6.97	7.09
	7.21	6.18	6.49	6.31	5.19	3.53	4.66	3.91	4.67	4.64
	4.37	3.75	3.77	4.48	5.95	5.66	5.17	4.45	4.59	4.78
	4.2	3.75	3.73	3.97	4.19	3.91	3.94	3.67	3.69	3.79
	4.07	4.25	5.06	5.39	5.8	5.93	5.41	5.19	5.35	5.31
	5.54	5.78	5.46	4.74	4.8	4.93	4.56	5.13	5.9	5.63
	5.36	4.42	4.93	5.33	5.22	4.96	5.47	5.21	5.04	4.91
	4.88	4.75	5.33	5.52	5.94	5.81	6.32	6.74	7.09	7.28
	7.57	7.68	7.55	7.55	7.55	7.58	7.18	7.53	7.2	6.63
	6.23	6.01	5.68	6.67	6.67	6.94	6.68	6.33	5.77	5.35
	4.78	4.09	3.74	3.7	5.76	5.76	5.76	5.76	5.76	5.76
	5.76	5.76	5.76	5.76	5.76	5.76	5.76	5.76	5.76	5.76
	5.76	5.76	5.76	5.76	5.76	5.76	5.76	5.76	5.76	5.76
	5.76	5.76	5.76	5.76	5.76	5.76	5.76	5.76	5.76	5.76
	5.76	5.76	5.76	5.76	5.76	5.76	5.76	5.76	5.76	5.76
	5.76	5.76	5.76	5.76	5.76	5.76	5.76	5.76	5.76	5.76
	5.76	5.76	5.76	5.76	5.76	5.76	5.76	5.76	5.76	5.76
	5.76	5.76	5.76	5.76	5.76	5.76				