NOy-deposition	mg N/m2/year		im = 72		jm = 48		year1860			

	0.09	0.09	0.09	0.09	0.09	0.09	0.09	0.09	0.09	0.09
	0.09	0.09	0.09	0.09	0.09	0.09	0.09	0.09	0.09	0.09
	0.09	0.09	0.09	0.09	0.09	0.09	0.09	0.09	0.09	0.09
	0.09	0.09	0.09	0.09	0.09	0.09	0.09	0.09	0.09	0.09
	0.09	0.09	0.09	0.09	0.09	0.09	0.09	0.09	0.09	0.09
	0.09	0.09	0.09	0.09	0.09	0.09	0.09	0.09	0.09	0.09
	0.09	0.09	0.09	0.09	0.09	0.09	0.09	0.09	0.09	0.09
	0.09	0.09	0.31	0.36	0.43	0.55	0.55	0.35	0.14	0.06
	0.05	0.06	0.06	0.08	0.1	0.12	0.15	0.14	0.11	0.1
	0.1	0.1	0.08	0.07	0.1	0.12	0.11	0.08	0.07	0.08
	0.09	0.1	0.1	0.11	0.1	0.09	0.07	0.05	0.04	0.05
	0.05	0.06	0.06	0.06	0.07	0.07	0.06	0.06	0.06	0.05
	0.05	0.05	0.06	0.06	0.07	0.07	0.07	0.07	0.07	0.06
	0.07	0.07	0.07	0.07	0.07	0.07	0.07	0.07	0.08	0.1
	0.11	0.15	0.22	0.24	0.44	0.49	0.53	0.53	0.58	0.32
	0.22	0.06	0.05	0.06	0.07	0.08	0.1	0.12	0.13	0.14
	0.13	0.1	0.1	0.1	0.22	0.2	0.21	0.27	0.21	0.17
	0.1	0.12	0.21	0.18	0.09	0.14	0.15	0.13	0.09	0.05
	0.04	0.06	0.08	0.07	0.06	0.06	0.06	0.06	0.07	0.07
	0.07	0.08	0.09	0.08	0.08	0.07	0.07	0.06	0.06	0.06
	0.06	0.06	0.05	0.05	0.05	0.06	0.06	0.06	0.07	0.08
	0.09	0.11	0.22	0.44	0.45	0.42	0.44	0.49	0.57	0.57
	0.61	0.63	0.74	0.7	0.87	0.87	0.83	0.57	0.18	0.19
	1.08	0.98	0.22	0.16	0.12	0.15	0.25	0.19	0.19	0.31
	0.49	0.4	0.29	0.3	0.34	0.34	0.29	0.38	0.16	0.16
	0.12	0.07	0.06	0.1	0.09	0.06	0.05	0.05	0.07	0.08
	0.09	0.08	0.07	0.07	0.07	0.07	0.09	0.08	0.06	0.07
	0.08	0.08	0.08	0.07	0.06	0.07	0.08	0.09	0.09	0.09
	0.11	0.1	0.11	0.12	0.13	0.35	0.32	0.36	0.76	0.97
	1.01	0.87	0.84	1.07	1.25	1.4	1.21	1.17	0.95	0.97
	1.08	1.04	1.11	1.12	0.74	1.63	1.56	1.38	1.46	1.75
	1.08	0.22	0.6	0.36	0.41	0.41	0.42	0.4	0.47	0.48
	0.52	0.44	0.39	0.3	0.27	0.35	0.34	0.57	0.76	0.59
	0.14	0.14	0.11	0.1	0.09	0.09	0.11	0.09	0.12	0.14
	0.09	0.08	0.09	0.12	0.12	0.1	0.14	0.17	0.17	0.16
	0.16	0.16	0.17	0.15	0.16	0.17	0.29	0.39	0.55	0.66
	1.43	1.64	1.7	1.5	1.34	1.56	1.48	1.6	1.5	1.48
	1.29	1.16	1.39	1.27	1.46	1.52	1.41	1.27	1.22	1.18
	1.33	2.05	1.95	0.7	0.8	0.57	0.57	0.59	0.56	0.5
	0.52	0.61	0.63	0.73	0.77	0.65	0.7	0.85	0.62	0.76
	1.13	1.14	0.97	1.12	1.01	0.64	0.17	0.17	0.15	0.19
	0.42	0.43	0.36	0.12	0.12	0.14	0.14	0.15	0.19	0.22
	0.25	0.26	0.25	0.25	0.25	0.39	0.69	0.89	0.85	1.16
	1.27	1.39	2.49	2.38	1.98	1.8	1.91	1.85	1.92	2.2
	2.07	2.02	2.15	2.33	2.35	2.16	2.3	2.1	1.88	1.93
	1.9	1.72	1.69	1.68	2.62	2.52	0.97	0.89	0.8	0.96
	1.25	1.19	1.07	1.29	1.15	1.12	1.19	1.31	1.27	1.34
	1.42	1.39	1.5	1.41	1.53	1.64	1.9	2.2	2.34	1.75
	1.8	1.61	1.37	1.27	1.05	0.93	0.89	0.87	1.02	1.07
	1.12	1.29	1.47	1.58	1.75	1.77	1.63	1.9	1.56	1.65
	1.71	1.94	2.02	2.14	3.32	2.96	2.68	2.41	2.41	2.41
	2.28	2.85	2.49	2.48	2.85	2.85	3.02	2.81	3.25	3.1
	3.05	2.92	2.71	2.94	2.7	2.83	2.32	2.25	2.17	1.6
	1.86	1.64	1.77	1.59	1.55	1.81	1.98	1.52	1.55	1.55
	1.54	1.57	1.67	1.83	2.1	2.18	2.28	2.19	2.24	2.94
	3.55	3.34	3.34	2.85	2.68	2.41	1.8	1.77	1.72	1.63
	1.74	1.9	1.96	2.21	2.11	2.34	2.51	2.46	2.64	2.81
	2.52	2.17	2.91	3.05	3.29	3.07	3.67	3.28	3.18	3.21
	2.81	2.61	2.9	3.31	3.22	2.96	3.48	4.17	3.84	3.74
	3.97	3.77	3.66	3.55	3.68	3.63	3.69	4.79	3.79	3.35
	3.21	2.79	2.58	2.76	3.01	2.61	2.5	2.37	2.5	2.65
	2.55	2.09	2.22	2.42	2.44	2.65	2.4	2.8	3.06	3.26
	3.67	3.83	4.05	3.86	3.73	3.43	3.28	2.97	2.76	3.16
	2.93	2.69	2.59	2.71	2.56	2.85	3.26	3.3	3.3	3.22
	3.57	3.22	3.54	3.42	3.3	3.71	3.81	3.57	4.53	4.15
	3.98	3.79	3.72	3.65	4.01	3.94	3.73	3.67	4.08	4.15
	4.06	4.82	4.73	4.41	4.4	4.29	4.14	4.4	4.93	8.03
	5.41	4.62	3.79	3.19	3.18	3.12	3.52	3.19	3.26	3.21
	3.45	3.13	2.75	2.68	2.8	2.6	2.55	2.31	2.62	3.4
	4.1	4.5	4.86	5.74	5.75	5.53	4.77	4.54	4.31	3.54
	3.19	3.31	3.57	3.69	3.44	3.29	3.17	3.61	4.24	4.76
	4.72	5.05	5.35	4.83	5.36	5.29	5.66	5.83	5.44	4.55
	5.26	4.63	4.76	4.36	4.1	4.09	4.53	4.83	4.58	4.07
	3.83	4.07	4.16	4.44	4.06	4.21	4.23	3.85	4	3.83
	5.63	9.18	4.19	4.34	3.92	4.63	4.73	4.94	4.61	4.8
	4.85	4.18	3.93	3.95	3.41	3.13	3.51	2.98	2.95	3.41
	4.03	5.17	5.81	6.88	7.61	7.62	7.47	7.66	5.7	6.29
	4.97	5.03	4.81	5.05	5.7	5.77	5.98	4.8	4.79	5.58
	6.22	7.2	7.19	7.87	6.91	7.54	7.72	7.37	7.16	7.34
	5.74	5.03	6.65	6.27	6	4.94	4.69	4.06	4.59	4.39
	4.13	4.4	4.09	4.6	4.42	4.41	4.15	4.4	4.55	4.21
	4.22	4.2	4.03	8.91	2.61	4.21	4.56	7.01	7.23	7.23
	5.61	5.72	6.41	6.29	6.09	5.9	4.92	4.26	4.35	3.99
	4.17	4.42	5.2	5.92	6.45	8.92	9.36	8.48	7.22	7.74
	7.36	6.67	6.54	6.15	6.3	6.5	7.02	7.04	7.43	6.7
	7.78	8.26	7.8	8.28	9.31	10.28	9.89	9.74	10.82	9.85
	9.35	9.58	7.97	6.37	7.89	7.39	6.77	5.95	5.87	5.51
	6.27	5.35	5.22	5.46	5.05	4.9	4.68	4.78	5.08	5.08
	5.1	5.02	4.24	3.55	3.25	6.59	4.22	5.8	8.15	9.3
	10.69	8.77	9.63	10.77	9.38	9.21	8.71	8.62	8.53	7.31
	6.16	4.99	5.16	5.82	6.86	5.39	8.8	9.77	10.35	9.67
	8.09	10.35	9.65	9.19	8.35	7.55	7.54	7.41	7.01	6.52
	6.41	5.6	5.9	5.71	6.28	9.34	10.52	9.35	10.02	13.82
	14.16	13.5	12.11	9.6	11.14	8.23	8.72	7.36	6.22	6.52
	7.1	6.91	7.38	6.7	6.71	7.25	6.48	6.18	6.38	5.98
	7.29	7.02	7.3	6.26	4.65	3.37	3.58	6.7	6.76	11.07
	21.4	16.74	18.18	13.75	14.61	14.82	13.27	11.77	11.36	11.75
	9.67	8.12	7.34	6.62	5.88	7.07	10.95	9.74	11.08	12.46
	12.85	11.26	10.38	10.86	9.13	8.88	7.38	6.81	7.72	6.74
	6.15	5.72	5.56	5.24	5.21	5.79	8.14	10.58	9.6	9.76
	14.25	26.02	20.88	17.83	13.5	10.06	10.4	10.71	8.72	7.32
	6.96	7.66	8.17	7.28	8.65	8.25	8.85	8.83	8.2	9.37
	9.5	8.28	9.92	9.74	7.92	6.46	4.33	2.68	2.7	6.99
	22.62	27.97	50.36	37.41	25.84	22.03	20.72	19.73	15.4	11.66
	10.67	10.3	9.71	9.77	7.2	5.08	4.72	4.61	10.43	14.61
	14.37	15.16	10.41	9.81	10.36	10.78	8.61	6.66	5.49	5.55
	5.11	4.49	4.65	4.46	4.3	4.28	4.94	8.99	10.79	10.51
	11.89	13.38	20.15	37.65	29.49	22.39	15	11.67	10.07	9.97
	8.26	8.75	7.97	8.5	9.38	9.76	9.9	9.3	10.24	10.59
	10.98	12.61	12.07	11.24	13.54	11.06	7.1	5.42	3.44	2.96
	2.04	4.67	27.97	37.3	55.51	61.59	43.93	29.21	27.71	22
	17.14	14.88	13.31	11.34	9.5	7.95	5.17	4.17	3.6	4.54
	14.28	30.6	30.24	16.47	10.22	11.02	13.35	10.25	10.3	8.05
	6.74	5.65	5.45	4.62	4.4	4.39	3.99	4.41	5.34	10.1
	10.11	12.42	16.14	19.58	29.33	48.31	43.46	22.59	14.55	11.27
	7.93	8.32	8.92	8.52	8.18	11.06	13.96	14.6	12.39	12.66
	10.54	13.07	13.19	12.4	11.12	11.64	11.55	6.55	4.6	3.34
	2.6	2.47	2.24	3.39	8.78	46.12	52.76	105.95	67.22	27.56
	28.32	24.9	22.27	17.49	12.41	8.54	7.25	5.43	4.82	5.13
	5.25	11.52	35.05	58.35	55.05	18.13	11.47	18.68	19.77	14
	11.36	9.1	6.84	6.71	6.9	5.24	5.41	5.4	4.74	4.92
	6.25	9.58	16.53	20.56	21.72	27.53	36.67	33.29	40.89	18.48
	10.88	11.33	8.77	10	8.23	8.49	10.95	10.75	12.76	13.37
	13.71	12.08	11.17	12.04	12.87	10.3	8.52	9.17	6.09	4.49
	3.73	3.31	3.16	2.53	3.06	2.81	9.01	34.31	60.52	115.16
	77.22	44.48	28.17	23.75	19.59	14.19	9.42	7.73	6.62	6.89
	6.05	7.21	9.43	35.65	89.9	91.17	117.03	36.98	16.59	27.76
	21.13	16.12	11.5	8.23	7.74	7.69	7.34	6	5.7	6.36
	5.64	6.31	7.46	14.72	20.25	17.96	23.95	28.11	45.81	43
	33.61	14.06	10.39	9.88	10.47	9.26	14.25	17.56	14.51	14.1
	17.09	14.13	11.11	13.73	17.1	15.13	11.05	9.47	7.24	6.15
	4.8	4.3	3.65	3.51	3.48	3.28	4.14	5.9	21.71	40.97
	75.68	104.56	88.85	59.79	29.27	18.58	14.05	10.51	8.33	7
	7.64	7.85	8.12	8.72	14.41	112.02	148.39	121.85	87.77	57.59
	22.45	46.51	25.68	18.97	11.83	10.38	9.74	10.16	10.01	8.71
	8.68	8.82	8.72	9.26	10.5	18.8	23.71	29.98	41.13	48.97
	59.73	45.64	22.73	14.95	12.65	13.1	10.93	11.57	24.58	22.37
	17.32	17.5	18.19	18.57	14.88	16.34	16.76	16.2	9.79	9.18
	6.71	5.54	5.09	4.83	4.54	4.13	4.51	4.66	5.69	19.61
	61.59	80.46	101.22	122.52	93	69.82	41.96	18.36	13.58	11.24
	8.64	8.65	11.5	12.33	12.59	14.55	25.07	138.61	123.02	83.68
	69.83	56.55	47.76	55.48	28.52	19.18	13.35	12.72	11.25	11.92
	15.48	12.19	11.97	13.51	11.55	12.81	15.7	19.17	23.52	54.55
	58.47	56.77	58.81	28.29	19.82	17.61	18.78	15.39	14.36	22.55
	30.15	27.42	27.59	27.06	23.29	20.44	21.03	17.82	12.29	12.02
	8.25	7.65	6.71	5.49	5.13	5.68	5.7	5.61	5.76	6.47
	20.67	79.5	93.75	98.34	135.97	99.76	92.96	57.23	35.68	18.38
	12.9	11.34	10.81	11.78	15.25	18.64	19.6	22.45	33.54	103.61
	107.69	91.31	125.57	49.11	59.67	26.91	20.3	22.35	18.82	17.42
	14.39	16.06	19.61	20.16	21.91	23.46	28.51	34.44	31.03	30.39
	27.85	38.44	50.59	44.76	28.53	21.97	20.45	19.7	19.56	16.56
	20.88	30.61	22.67	22.85	21.77	29.62	19.28	15.52	18.33	13.1
	9.66	10.12	7.87	8.52	7.98	6.12	6.68	7.81	8.39	9.78
	10.57	13	54.01	102.94	94.61	116.82	116.99	97.75	121.91	76.62
	32.81	21.06	17.7	16.92	15.14	15.96	19.38	23.82	26.25	27.58
	48.22	126.7	121.2	107.45	56.46	68.18	47.76	22.38	19.47	18.86
	18.88	16.08	16.33	17.62	21.85	23.21	29.97	36.05	46.94	44
	37.09	43.79	31.01	28.61	26.59	27.48	34.55	30.36	29.05	22.87
	26.11	21.84	24.54	29.92	12.95	17.73	14.46	19.49	8.74	10.76
	12.68	6.74	8.46	12.19	7.13	8.86	10.95	6.61	9.06	13.67
	12.45	16.18	20.51	15.44	71.72	85.86	93.57	86.24	96.44	96.8
	128.29	114.65	33.58	26.67	26.86	32.63	27.34	24.28	27.74	29.45
	36.17	42.42	84.89	141.34	177.83	210.88	56.09	47.53	33.11	19.01
	18.81	17.75	20.18	20.3	20.93	20.84	21.66	25.94	29.35	45.56
	63.7	47.65	27.85	40.63	49.29	39.19	34.73	48.3	51.47	36.94
	31.22	28.05	29.89	27.71	30.47	25.19	10.29	10.7	8.38	10.5
	5.23	7.09	8.34	4.72	6.54	8.11	5.76	7.4	9.11	6.39
	8.07	10.7	10.22	10.7	16.32	19.43	87.4	124.7	88.63	72.33
	100.29	79.75	80.08	51.92	32.7	41.25	40.42	37.49	35.92	31.89
	38.2	37.5	45.93	51.76	117.38	159.06	166.08	205.75	75.26	48.52
	35.16	16.85	14.53	17.96	22.87	22.83	23.85	26.03	24.18	26.06
	25.74	48.55	74.74	36.99	33.6	48.67	48.45	39.86	43.62	42.51
	31.2	22.16	21.08	18.75	16.94	13.05	26.25	17.01	16.81	10.98
	10.76	16.48	8.84	11.65	14.16	10.12	13.7	15.93	11.19	17.16
	23.06	16.76	19.36	27.43	26.52	29.94	42.58	40.03	84.19	163.28
	126.64	64.94	97.58	75.51	52.77	44.02	48.18	57.08	69.77	68.47
	64.66	59.73	79.37	64.01	46.93	82.52	115.83	117.28	124.79	115.51
	112.45	48.6	40.4	25.49	26.07	23.76	31.23	29.96	31.6	35.14
	35.35	31.04	30.74	46.84	55.93	39.33	43.94	47.77	36.67	39.62
	33.03	21.13	19.16	17.83	31.6	18.35	17.71	15.98	27.43	16.18
	22.2	14.56	13.86	22.44	18.05	18.89	23.48	19.56	22.26	27.53
	22.38	23.25	33.71	26.61	28.22	37.85	34.21	39.7	45.02	45.92
	79.24	132.02	108.93	53.14	67.84	40.62	39.55	42.63	48.99	48.03
	58.5	58.7	52.59	86.64	115.88	88.81	56.68	81.73	93.63	72.55
	74.99	66.86	80.46	94.39	44.01	29.87	34.52	36.27	44.11	51.23
	43.64	48.31	58.5	54.34	42.07	39.15	51.31	49.21	42.28	35.42
	42.48	49.95	32.51	28.81	28.04	22.26	31.21	29.65	18.05	25.59
	27.26	20.8	16.13	12.51	13.23	14.31	14.42	13.23	15.01	14.22
	16.11	21.1	22.56	22.83	29.86	34.89	33.64	35.11	27.92	29.45
	24.56	54.66	37.93	43.31	36.56	31.18	37.68	32.67	30.19	33.46
	34.13	34.54	33.64	31.34	30.1	82.93	80.51	82.22	70.58	66.99
	59.79	48.48	75.07	64.72	80.19	124.1	40.74	31.06	32.45	24.73
	35.39	47.73	44.54	68.62	51.74	52.98	43	43.16	47.15	58.74
	36.07	32.72	32.7	34.96	30.07	28.08	26.23	23.34	20.88	25.62
	13.72	22.08	16.65	19.54	13.56	11.42	12.49	10.63	9.62	9.76
	10.69	11.36	13.15	14.63	16.88	20.86	22.8	26.19	23.14	24.61
	29.51	48.14	55.31	78.59	31.24	27.38	27.5	27.21	29.44	28.06
	21.4	21.22	22.29	23.57	23.16	16.87	19.72	58.55	58.71	58.84
	42.51	42.21	34.19	38.42	75.21	49.39	32.15	59.25	31.45	21.39
	17.84	19.08	25.37	32.81	62.05	81.67	57.18	57.77	53.9	53.67
	53.7	75.77	35.91	33.02	47.75	26.97	27.52	27.96	26.03	23.68
	20.2	18.74	16.48	19.09	15.73	16.51	13.96	12.92	13	12.52
	11.49	11.17	10.08	9.95	9.07	10.89	13.07	13.25	11.49	12.08
	12.96	24.24	34.52	75.63	66.4	32.69	29.59	30.95	48.32	28.06
	27	27.86	22.63	20.24	17.54	17.41	16.5	12.84	11.78	29.88
	17.68	21.74	21.49	13.34	12.55	19.69	19.08	9.2	10.11	15.9
	19.92	16.24	12.56	13.13	14.75	18.25	77.3	62.29	74.78	63.7
	67	94.93	108.6	76.06	41.47	28.95	45.74	27.75	27.21	25.1
	24.6	19.34	21.21	20.49	19.04	20.96	18.2	15.75	14.3	13.88
	12.61	13.33	9.81	10.95	9.58	9.57	9.61	10.23	11.47	11.04
	9.88	11.12	15.83	25.81	48.94	29.91	31.77	30.71	24.39	21.35
	35.41	26.8	26.59	24.96	23.61	19.71	15.15	14.25	14.19	13.13
	11.51	10.2	11.43	11.95	11.85	10.04	8.25	11.93	8.13	7.7
	8.35	13.86	14.7	11.46	9.79	10.67	13.72	16.26	65.04	93.17
	89.92	88.9	144.63	135.64	123.84	117.96	71.39	37.75	28.26	28.31
	26.94	23.58	22.4	20.7	22.02	21.61	17.89	19.1	16.83	13.81
	15.26	13.72	12.79	12.73	13.54	10.71	10.8	11.27	10.66	11.34
	11.43	10.51	10.18	10.91	20.71	26.76	33.34	29.7	31.93	30.63
	35.78	27.71	30.77	28.29	31.37	29.74	25.96	21.41	15.82	12.58
	12.27	13.22	11.16	12.8	11.14	11.11	9.98	9.91	8.56	8.81
	8.92	8.45	10.35	14.83	9.94	9.62	14.84	15.76	18.17	35.34
	39.93	67.25	94.73	118.27	130.97	135.15	68.32	100.92	90.86	70.44
	41.94	34.62	28.56	22	19.49	15.97	16.51	19.57	17.82	18.01
	16.71	14.29	14.8	12.39	11.43	11.58	14.96	13.18	10.94	11.98
	10.9	10.71	10.75	11.44	14.73	13.43	25.24	26.11	41.31	53.76
	52.55	44.32	47.83	36.1	30.95	30.41	31.37	34.08	28.98	24.54
	17	13.7	11.91	11.56	10.48	12.83	17.41	12.22	9.85	9.08
	8.96	10.31	9.62	8.64	11.46	17.61	10.53	14.77	28.96	26.84
	21.39	21.99	32.03	83.02	86.57	58.11	53.74	91.1	70.75	98.14
	94.7	91.94	64.72	47.07	41.51	31.07	25.86	21.16	20.34	21.54
	22.15	18.77	16.96	15.4	18.35	16.95	16.11	14.52	15.38	15.39
	13.55	11.13	11.22	11.47	11.17	13.14	24.99	23.08	32.78	37.14
	58.21	68.51	74.53	80.69	66.62	44.38	33.82	32.95	30.75	29.62
	27.13	23.41	19.94	16.01	13.18	12.39	11.38	13.33	20.84	18.76
	16.12	12.39	15.36	16.08	17.46	16.75	17.45	22.99	21.24	46.06
	41.73	21.56	23.3	20.72	40.38	74	38.07	46.91	40.31	51.83
	73.41	121.95	94.85	92.6	67.2	47.4	53.06	44.37	42.16	39.55
	31.85	26.14	26.03	25.38	22.68	20.08	22.87	19.97	18.85	19.32
	18.8	18.25	15.3	13.6	13.27	11.44	11.87	20.11	23.31	21.12
	37.83	48.24	68.15	74.18	73.21	90.83	95.53	50.4	44.07	39.78
	38.12	32.16	28.77	25.42	22.02	17.39	15.25	13.73	13.94	15.51
	26.54	41.73	27.41	25.7	23.44	26.21	27.22	26.14	31.05	29.82
	34.53	38.76	51.13	24.92	19.5	25.46	32.98	41.14	19.68	22.34
	37.19	35.16	54.48	58.4	77.08	100.48	49.82	50.55	36.96	37.49
	40.08	44.59	35.46	33.6	28.65	27	24.32	23.78	24.37	21.6
	17.83	19.1	20.26	18	17.13	15.66	15.32	13.1	14.1	31.74
	29.3	16.07	48.83	51.2	73.33	86.85	84.37	70.48	85.48	93.03
	40.09	40.24	41.81	37.54	31.47	28.6	25.11	22.27	17.76	15.84
	15.66	17.16	37.75	65.16	43.33	25.24	32.45	44.71	42.51	45.51
	38.46	26.47	29.75	38.4	24.79	12.39	11.39	17.97	22.23	27.25
	15.48	9.96	9.28	10.1	14.38	18.27	38.08	79.78	69.68	81.04
	32.82	22.74	20.56	26.65	30.14	30.26	28.43	27.78	26.11	24.27
	21.19	17.07	16.25	14.67	17.9	15.91	15.15	14.27	12.86	12.55
	12.46	43.53	46.54	40.23	54.74	43.96	71.93	108.71	74.62	70.84
	72.86	99.78	57.53	36.03	29.88	26.58	24.35	26.47	25.82	25.14
	20.05	16.93	18.18	19.49	29.88	47.62	82.97	63.75	83.69	66.21
	69.63	68.95	30.52	26.96	40.55	28.27	18.58	12.1	13.58	12.19
	14.27	20.15	34.83	22.65	10.85	15.1	20.81	26.08	24.34	33.86
	74.65	109.23	80.92	29.04	20.54	19.44	20.25	22.03	21.66	20.92
	21.26	19.83	14.78	13.34	15.29	13.3	14.29	12.26	12.04	11.81
	11.58	11.32	12.21	32.55	61.45	60.21	44.24	49.15	72.51	70.83
	51.64	50.52	49.01	63.05	59.31	29.86	29.07	22.3	21.23	21.76
	25.6	24.65	23.74	20.51	20.06	22	24.2	37.45	89.4	120.67
	125.24	110.93	82.61	71.65	52.87	50.03	52.87	30.32	23.59	22.41
	19.12	18.59	21.95	21.88	19.02	23.53	28.65	35.99	35	36.63
	31.82	26.07	71.11	92.22	101.09	57.19	19.61	12.64	15.81	15.05
	15.4	16.02	15.4	14.53	11.61	10.73	12.77	12.42	10.22	9.47
	9.75	10.53	10.88	12.4	15.99	26.48	32.93	34.48	33.7	41.9
	36.51	39.01	36.42	27.98	32.82	45.17	38.04	30.49	26.24	16.7
	19.24	23.43	22.19	21.54	20.86	19.24	19.96	19.63	25.59	43.41
	70.63	97.35	123.47	126.52	99.78	61.15	61.24	67.69	61.67	43.63
	44.67	42.46	39.02	37.48	37.09	34.11	31.24	29.32	29.39	32.32
	46.14	42.32	36.92	47.92	76	88.69	74.73	55.46	33.03	12.41
	15.19	13.77	11.76	14.54	13.74	12.4	10.12	9.57	10.3	11.12
	9.82	8.47	8.58	9.58	13.61	15.39	19.71	24.09	26.54	29.61
	27.24	29.34	31.27	29.49	22.86	18.15	17.21	24.32	25.46	22.36
	15.73	14.81	20.33	18.77	19.09	19.34	18.51	18.43	19.15	21.32
	27.62	34.78	26.32	38.03	78.06	65.67	60.83	63.18	61.02	55.77
	52.81	49.39	45.58	47	51.65	44.92	41.68	37.31	37.71	43.85
	35.13	41.62	39.62	40.06	36.06	43.57	56.44	59.58	55	36.08
	18.47	15.23	15.61	15.85	13.71	12.62	13.36	11.12	11.61	10.37
	10.43	10.02	9.39	8.3	11.13	15.99	10.22	13.96	21.7	21.65
	27.91	28.41	28.36	27.98	28.85	19.35	15.37	14.61	13.06	13.29
	14.75	11.14	11.68	16.85	20.72	14.65	13.64	15.99	16.71	18.39
	17.22	18.76	20.91	20.73	22.62	35.48	60.83	103.65	53.88	66.72
	54.99	48.97	45.59	50.36	48.56	49.57	49.84	31.18	34.28	38.48
	35.55	44.1	46.02	41.83	42.08	44.38	42.08	40.37	44.01	44.18
	44.7	44.38	25.68	21.85	19.48	15.52	10.47	10.44	10.63	12.18
	8.8	6.7	6.74	8.43	11.33	10.94	9.21	7.95	10.62	23.97
	21.22	26.7	25.93	22.16	19.47	16.43	14.14	12.34	13.7	11.6
	6.87	7.38	5.95	5.87	8.77	12.98	6	3.26	14.85	12.15
	15.86	15.99	14.54	15.42	14.91	14.95	19.3	23.36	58.52	95.48
	74.09	108.76	74.7	48.9	53.1	54.28	50.14	45.72	40.33	44.05
	41.88	43.87	44.44	49.36	50.82	48.27	49.59	51.39	52.73	46.4
	48.57	46.8	47.21	38.58	32.38	39.37	41.54	31.22	17.04	13.82
	12.78	11.08	6.39	6.83	7.78	8.83	10.86	13.57	12.67	13.95
	10.74	15.92	20.3	15.69	14.26	15.03	7.78	9.1	7.78	8.27
	7.78	5.54	4.88	5.53	5.81	4.53	4.89	5.8	3.94	2.26
	6.82	6.41	11.13	10.76	8	11.1	10.7	12.08	15.33	18.61
	26.65	49.08	66.83	93.89	61.92	24.3	28.01	37.03	36.88	33.59
	28.12	30.37	30.74	25.92	31.72	34.51	35.01	37.48	46.19	53.07
	49.37	48.33	46.36	49.67	37.81	34.41	32.18	40.54	43.3	33.52
	29.73	28.74	15.76	11.8	6.88	6.68	7.02	7.11	5.4	6.83
	7.22	7.84	7.14	8.46	6.96	6.59	5.19	6.01	5.92	5.25
	3.8	4.28	4.87	3.81	4.14	5.09	4.24	4.04	3.75	4.07
	3.09	1.78	1.34	1.67	2.08	2.55	5.68	7.5	8.35	11.82
	13.31	14.98	17.35	23.19	23.19	21.4	22.71	20.02	18.61	16.67
	15.53	15.89	19.46	17.93	14.57	15.65	15.46	13.64	11.61	12.08
	15	24.44	23.02	27.11	26.51	28.65	22.14	21.25	20.93	20.18
	12.43	10.64	10.77	9.92	8.52	7.33	5.76	5.46	5.47	5.26
	3.76	4.67	4.34	4.98	5.44	5.39	4.76	6.27	4.69	3.79
	3.7	2.81	2.09	2.54	2.16	3.22	4.04	4.36	2.98	3.11
	3.19	2.38	2.28	1.34	1.23	1.46	1.99	2.45	5.02	6.14
	8.17	9.9	12	13.75	15.78	16.15	13.32	14.97	15.85	14.48
	14.6	14.35	9.7	6.53	6.92	7.85	8.07	7.86	6.69	8.41
	7.62	7.71	8.35	8.92	9.85	7.27	7.11	7.37	6.44	6.31
	5.58	7.12	5.59	6.35	4.24	4.36	5.3	4.83	3.52	3.11
	2.71	2.68	2.76	2.77	3.03	3.2	3.68	4.33	3.96	4.38
	4.11	3.72	3.21	3.37	3.08	1.76	1.67	2.67	2.38	1.37
	1.22	1.64	1.35	1.53	1.38	0.98	0.89	1.12	1.56	1.59
	1.83	2.92	4.25	6.29	8.7	8.95	10.05	6.65	4.95	4.49
	6.62	8.04	8	7.74	6.56	6.47	5.25	4.85	4.45	3.82
	3.54	4.88	4.92	4.81	4.63	5.08	5.11	3	2.15	3.7
	4.44	5.54	6.27	5.7	5.05	3.48	3.54	3.16	3.81	4.17
	2.42	2.51	2.65	2.41	2.42	2.73	2.77	2.76	2.85	2.85
	2.89	3.25	3.61	4.26	3.77	4.31	3.64	2.93	2.8	2.8
	2.47	1.28	1.19	1.16	0.99	1.16	1.18	0.94	1.01	1.25
	1.2	1.18	1.1	2.04	1.55	1.6	2.58	3.18	4.33	4.18
	3.96	4.46	3.41	4.05	4.57	4.95	4.76	4.25	4.23	3.59
	3.51	3.54	3.69	3.55	3.82	3.71	3.5	3.42	3.64	3.06
	2.91	2.75	3	3.73	5.25	5.04	4.14	3.56	3.62	3.76
	3.28	2.82	2.66	2.82	3.11	2.93	3	2.78	2.8	2.79
	3.07	3.18	3.48	3.76	3.89	3.74	3.42	3.19	3.28	3.14
	2.82	3.95	3.96	3.52	3.51	3.62	2.98	3.9	4.22	3.93
	3.95	3.47	3.42	3.49	2.57	2.34	2.96	2.79	2.7	2.59
	2.59	2.62	3.08	3.1	3.22	3.32	3.72	3.86	4	4.01
	4.16	4.52	4.59	4.68	4.86	4.82	4.6	5	4.68	4.34
	4.17	4.38	4.36	5.16	5.28	5.66	5.5	5.16	4.65	4.34
	3.83	3.17	2.74	2.64	3.75	3.75	3.75	3.75	3.75	3.75
	3.75	3.75	3.75	3.75	3.75	3.75	3.75	3.75	3.75	3.75
	3.75	3.75	3.75	3.75	3.75	3.75	3.75	3.75	3.75	3.75
	3.75	3.75	3.75	3.75	3.75	3.75	3.75	3.75	3.75	3.75
	3.75	3.75	3.75	3.75	3.75	3.75	3.75	3.75	3.75	3.75
	3.75	3.75	3.75	3.75	3.75	3.75	3.75	3.75	3.75	3.75
	3.75	3.75	3.75	3.75	3.75	3.75	3.75	3.75	3.75	3.75
	3.75	3.75	3.75	3.75	3.75	3.75				