NOy-deposition	mg N/m2/year		im = 72		jm = 48		year2050			

	0.3	0.3	0.3	0.3	0.3	0.3	0.3	0.3	0.3	0.3
	0.3	0.3	0.3	0.3	0.3	0.3	0.3	0.3	0.3	0.3
	0.3	0.3	0.3	0.3	0.3	0.3	0.3	0.3	0.3	0.3
	0.3	0.3	0.3	0.3	0.3	0.3	0.3	0.3	0.3	0.3
	0.3	0.3	0.3	0.3	0.3	0.3	0.3	0.3	0.3	0.3
	0.3	0.3	0.3	0.3	0.3	0.3	0.3	0.3	0.3	0.3
	0.3	0.3	0.3	0.3	0.3	0.3	0.3	0.3	0.3	0.3
	0.3	0.3	1.05	1.21	1.41	1.76	1.72	1.1	0.46	0.22
	0.16	0.18	0.19	0.24	0.3	0.38	0.49	0.45	0.35	0.3
	0.32	0.35	0.28	0.24	0.32	0.39	0.38	0.27	0.27	0.3
	0.34	0.37	0.39	0.39	0.38	0.32	0.26	0.2	0.16	0.17
	0.19	0.22	0.23	0.24	0.25	0.25	0.24	0.23	0.21	0.2
	0.2	0.2	0.21	0.23	0.24	0.26	0.26	0.26	0.24	0.23
	0.23	0.24	0.24	0.24	0.23	0.23	0.23	0.24	0.27	0.33
	0.36	0.49	0.73	0.8	1.48	1.63	1.73	1.66	1.73	0.99
	0.65	0.21	0.16	0.19	0.21	0.27	0.32	0.35	0.4	0.43
	0.4	0.32	0.31	0.33	0.71	0.64	0.65	0.86	0.66	0.52
	0.31	0.36	0.66	0.57	0.33	0.51	0.56	0.49	0.31	0.19
	0.18	0.26	0.32	0.27	0.21	0.21	0.23	0.23	0.24	0.24
	0.24	0.27	0.3	0.29	0.27	0.25	0.24	0.23	0.22	0.23
	0.22	0.21	0.18	0.17	0.18	0.2	0.21	0.21	0.24	0.26
	0.3	0.36	0.75	1.5	1.56	1.45	1.34	1.55	1.7	1.71
	1.75	1.87	2.19	2.14	2.55	2.47	2.33	1.64	0.57	0.59
	2.88	2.7	0.62	0.47	0.38	0.47	0.76	0.58	0.58	0.96
	1.55	1.31	0.89	0.96	1.08	1.03	0.93	1.16	0.61	0.62
	0.44	0.27	0.25	0.37	0.34	0.24	0.19	0.19	0.27	0.31
	0.32	0.3	0.26	0.27	0.25	0.25	0.32	0.31	0.22	0.24
	0.27	0.28	0.27	0.23	0.2	0.25	0.28	0.33	0.33	0.33
	0.38	0.36	0.38	0.42	0.43	1.2	1.06	1.12	2.41	3.01
	3.19	2.62	2.59	3.28	3.74	4.04	3.31	3.35	2.74	2.79
	3.03	2.94	3.28	3.11	2.04	4.4	4.17	3.68	3.92	4.81
	3.15	0.63	1.76	1.07	1.21	1.23	1.25	1.21	1.47	1.58
	1.74	1.58	1.39	1.11	1.04	1.22	1.2	1.79	2.33	2.01
	0.56	0.61	0.39	0.39	0.37	0.36	0.39	0.34	0.41	0.54
	0.33	0.3	0.34	0.42	0.39	0.33	0.47	0.6	0.62	0.59
	0.59	0.59	0.6	0.54	0.6	0.6	0.95	1.26	1.73	2.01
	4.46	5.33	5.45	4.81	4.28	4.93	4.76	5.03	4.63	4.5
	3.87	3.55	4.21	3.91	4.29	4.36	4.01	3.75	3.47	3.29
	3.56	5.32	5.29	1.96	2.2	1.63	1.63	1.75	1.7	1.64
	1.75	2.17	2.21	2.65	2.88	2.45	2.65	3.16	2.09	2.43
	3.53	3.47	2.94	3.36	3.23	2.36	0.78	0.72	0.52	0.67
	1.48	1.48	1.31	0.47	0.46	0.51	0.46	0.53	0.68	0.77
	0.9	0.91	0.87	0.88	0.88	1.34	2.2	2.86	2.78	3.8
	4.2	4.35	8.36	7.71	6.48	5.94	6	6	6.39	7.21
	6.8	6.56	6.94	7.34	7.48	6.83	6.68	6.17	5.52	5.53
	5.46	4.87	4.68	4.68	6.91	6.58	2.73	2.71	2.38	2.89
	3.92	4.03	3.9	4.71	4.28	4.19	4.36	4.56	4.58	4.93
	5.59	5.43	5.48	4.88	5.23	5.67	6.45	7.55	9.31	7.14
	7.43	6.21	5.38	5.28	4.1	3.76	3.64	3.77	4.58	4.73
	4.62	4.8	5.51	5.46	6.2	6.33	5.6	6.91	5.49	5.64
	5.86	6.73	7.01	7.05	11.45	9.77	8.84	7.96	7.88	7.93
	7.44	8.92	8.06	8.02	9.02	9.16	9.46	8.66	9.44	8.8
	8.64	8.31	7.58	8.2	7.43	7.54	6.14	6.88	6.27	4.62
	5.68	5.33	6.27	5.82	5.66	6.52	7.25	5.86	5.78	5.6
	5.49	5.71	6.11	6.74	7.6	8.02	8.23	8.05	8.04	10.95
	15.4	15.9	17.16	14.49	13.41	10.93	8.01	7.56	7.98	7.15
	7.79	8.1	7.83	8.83	8.06	8.98	9.59	9.13	9.47	9.69
	8.77	7.28	9.58	10.34	11.16	10.84	12.71	11.52	10.82	10.69
	9.13	8.53	8.89	9.76	9.61	9.32	10.91	12.77	11.49	11.01
	11.33	10.43	10.03	9.65	9.83	9.56	9.55	12.09	10.43	9.78
	9.27	8.64	8.61	9.24	10.11	9.48	9.22	8.76	9.3	9.52
	8.94	7.09	7.55	8.24	8.62	9.25	8.26	9.19	10.41	12.5
	14.84	17.33	17.66	17.11	18.24	16.5	14.88	12.96	13	14.8
	13.21	11.64	11.09	11.01	9.87	11.01	11.8	11.33	11.23	10.8
	11.77	10.72	12.26	11.42	11.75	12.98	13.37	12.27	15.57	14.59
	13.3	12.73	12.72	12.48	13.04	12.34	11.84	11.59	12.71	12.56
	12.06	13.16	12.9	11.82	11.49	11.15	10.46	11.02	12.41	22.56
	29.97	15.84	12.01	11.27	11.85	11.95	13.02	12.62	12.54	11.79
	12.33	11	9.57	9.21	9.85	9.22	8.65	7.55	8.81	11.65
	15.22	18.41	23.07	27.35	29.3	27.92	24.81	22.92	19.46	14.83
	12.75	14.03	15.26	15.94	13.62	13.49	12.48	12.97	14.41	16.44
	16.5	16.66	16.74	15.53	18.11	18.31	20.92	21.34	19.61	15.2
	17.25	15.58	15.23	13.98	13.08	12.44	13.77	14.52	13.52	12.5
	11.49	11.82	11.94	11.64	10.81	10.77	10.69	9.56	9.72	9.36
	13.68	27.6	19.46	16.13	13.72	18.21	19.98	20.27	19.03	18.83
	18.37	15.67	14.74	14.35	12.54	11.06	12.51	10.32	9.67	10.08
	12.62	18.64	25.8	33.17	39.54	39.59	43	41.87	29.19	30.04
	23.28	22.71	20.3	21.08	23.61	21.69	21.84	17.56	16.46	19.11
	21.45	25.4	23.76	25.25	22.66	24.71	26.09	24.93	25.23	25.57
	19.04	16.4	21.87	20.68	18.63	15.24	14.25	12.3	13.39	12.91
	12	12.6	11.7	12.53	11.94	11.48	10.59	10.7	10.76	9.98
	9.68	9.69	9.93	25.06	23.98	19.56	21.09	32.6	33.2	30.67
	23.44	22.87	24.07	22.83	21.33	19.83	16.33	14.35	14.61	13.28
	13.04	14.73	19.7	24.54	30.86	46.04	49.39	45.46	39.83	42.07
	36.6	32.25	31.05	26.7	26.09	27.56	28.64	25.65	27.63	25.89
	28.34	29.37	28.13	30.63	30.25	31.35	31.82	34.38	39.18	34.66
	31.77	31.8	26.17	20.26	25.36	23.03	19.77	17	16.73	15.69
	16.95	14.59	13.92	14.12	12.93	12.37	11.92	11.63	11.93	11.67
	11.42	11	9.53	8.4	8.33	34.67	32.41	42.59	47.62	50.76
	52.42	36.59	35.81	40.8	34.91	32.34	28.6	28.39	27.48	22.94
	18.66	15.05	17.48	20.59	28.9	30.14	55.98	58.11	58.02	56.06
	42.09	51.99	46.74	41.87	35.98	31.29	30.6	29.51	26.74	24.57
	24.77	21.71	23.3	22.28	23.57	29.08	29.23	28.41	35.08	71.42
	59.34	51.72	41.34	31.86	37.85	32.05	25.37	20.65	16.98	17.46
	18.49	17.51	18.17	16.37	15.95	16.76	14.77	14.11	14.6	13.83
	16.01	15.06	15.03	13.47	10.39	7.74	8.64	86.11	73.6	134.07
	238.65	105.52	94.84	61.15	60.87	58.57	50.47	43.19	37.23	36.93
	29.74	24.09	21.26	20.18	20.6	33.6	82.49	104.19	114.34	111.18
	94.53	70.75	51.09	49.75	39.75	36.34	31.52	27.5	29.38	26.06
	23.99	22.79	21.67	21.09	21.45	24.32	29.24	30.67	28.16	32.82
	59.01	188.04	110.36	72.59	47.03	33.17	32.76	42.7	24.1	19.44
	17.69	19.14	19.59	16.59	19	17.98	18.61	18.37	16.96	18.96
	19.43	17.1	19.93	18.77	15.59	13.32	9.6	6.31	7.32	82.93
	361.72	271.53	1080.36	288.19	146.78	105.53	87.43	78.84	54.03	37.77
	31.26	30.07	26.37	26.39	20.67	16.31	20.78	167.96	410.64	403.04
	236.36	149.67	81.58	53.37	46.18	42.81	31.49	24.84	22.07	21.52
	19.75	17.4	18.86	18.19	17.92	18.15	20.79	40.35	40.31	30.23
	32.78	64.75	102.22	162.25	235.66	93.78	52.49	36.83	29.74	32.75
	21.31	21.38	18.79	19.32	20.31	19.78	19.74	18.56	19.67	20.16
	20.76	23.51	22.37	21.67	25.66	20.58	13.92	11.28	7.74	6.86
	6.97	45.67	179.91	316.53	528.56	482.54	318.94	168.73	128.05	84.33
	56.44	46.02	38.87	31.15	25.23	21.91	15.61	15.17	24.52	194.73
	588.08	855.55	645.76	175.32	74.87	50.58	50.09	37.72	32.96	26.05
	23.54	21.12	20.16	17.84	17.36	17.13	16.54	17.53	23.76	69.63
	37.28	28.81	35.38	48.86	66.15	124.64	164.64	101.06	47.99	33.24
	23.37	22.94	20.88	19.02	18.19	22.79	26.52	26.43	22.41	22.65
	19.38	23.44	23.53	21.76	20.21	21.52	21.54	12.57	9.48	7.26
	6.09	6.19	8.27	25.29	43.33	200.16	309.93	596.66	653.2	263.16
	126	86.31	61.53	44.5	31.46	21.77	18.55	14.8	14.51	19.19
	50.88	121.54	444.66	1235.17	1016.34	155.17	62.64	66.55	61.48	42.22
	33.24	28.34	21.99	22.14	22.21	19	19.37	19.51	17.84	19.58
	25.62	46.94	30.69	33.24	36.32	47.25	62.13	69.18	137.12	97.35
	33.08	30.13	22.84	23.28	17.08	17.09	20.71	19.47	22.16	22.32
	22.67	19.68	18.88	20.18	21.11	17.13	15.08	16.56	11.56	8.79
	7.68	7.18	7.22	6.57	10.88	16.72	44.53	110.76	262	635.68
	1182.96	1016.16	155.95	66.97	47.2	32.74	22.28	19.43	17.34	18.29
	19.38	32.28	71.24	114.56	243.05	398.34	583.02	164.97	63.18	75.56
	56.57	45.91	30.7	24.33	22.83	21.79	20.98	19.38	19.49	20.7
	20.04	22.17	24.22	28.76	30.59	27.49	37.3	44.66	70.25	88.55
	99.18	50.36	25.97	23.14	22.86	19.86	24.2	28.92	23.22	21.96
	26.62	22.04	17.29	20.36	25.87	23.19	17.55	15.26	12.28	10.8
	8.85	8.3	7.46	7.56	7.83	8.51	12.95	18.38	68.61	114.92
	246.76	388.07	464.78	535.06	190.74	43.12	30.05	23.02	19.07	17.35
	20.57	23.55	30.37	51.93	62.22	255.3	333.25	361.81	397.83	185.71
	80.87	106.05	62.54	67.07	28.26	25.38	23.9	24.16	23.98	22.72
	23.24	24.52	24.68	26.27	25.95	32.83	34.82	40.97	59.69	71.09
	93.6	107.41	62.04	34.97	26.26	24.61	21.47	20.82	35.77	31.8
	23.97	24.12	25.84	26.36	21.83	23.85	25.13	24.8	15.36	14.76
	11.23	9.6	9.09	8.9	8.88	8.36	9.3	10.71	15.26	62.89
	186.13	202.6	270.92	356.81	380.4	313.79	204.81	42.26	28.08	23.65
	19.75	21.38	30.72	38.13	50.55	62.54	68.71	296.97	270.59	216.23
	256.31	166.12	131.61	117.24	60.26	42.65	27.88	26.01	23.14	24.22
	31.39	27.47	27.97	30.32	26.75	28.86	33.11	34.57	39.58	94.59
	105.97	93.01	106.7	74.2	50.27	33.72	32.01	25.35	23.75	34.02
	40.71	36.78	37.6	36.3	32.15	29.18	31.21	27.42	19.3	18.7
	13.15	12.22	10.91	9.18	8.83	9.9	10.24	10.38	12.3	23.93
	131.97	176.35	175.14	204.77	304.57	225.02	283.19	256.4	273.86	50.53
	26.06	23.83	24.43	29.14	41.12	57.31	73.61	65.7	80.97	247.25
	194.7	235.03	444.25	115.49	160.82	74.63	43.5	42.5	33.84	31.62
	26.38	29.42	36.41	38.69	43.54	46.2	57.07	69.94	66.53	62.29
	56.39	74.8	109.55	110.18	67.73	56.23	38.46	33.08	30.1	24.47
	31.52	43.16	29.32	29.77	29.44	41.35	28.1	23.58	28.37	20.74
	15.61	16.12	12.87	13.6	12.91	10.11	11.05	13.18	14.58	18.1
	25.06	50.75	204.51	172.97	176.74	240.9	236.47	216.97	328.43	289.22
	285.37	213.56	35.06	34.3	33.32	38.49	52.19	75.39	76.36	67.84
	118.55	334.95	279.75	300.97	193.97	211.59	122.71	64.61	40.25	33.44
	32.19	27.84	28.94	30.56	38.29	41.87	59.16	82.72	149.2	281.14
	349.63	248.62	144.58	107.86	79.21	76.84	87.19	59.29	45.12	33.22
	36.65	29.64	32.7	38.55	17.83	24.43	20.67	29.31	13.47	16.88
	20.58	11	14.04	19.87	11.9	14.37	17.64	10.94	14.7	22.31
	21.09	29.73	48.89	60.43	241.09	151	150.88	151.44	221.29	208.08
	325.29	485.31	270.15	113.73	53.7	65.81	58.3	54.54	70.79	88.4
	85.27	91.21	188.14	431.62	512.57	605	183.99	140.99	97	60.7
	44.59	40.28	41.1	41.27	43.25	42.34	42.22	51.84	65.18	132.02
	257.81	309.21	158.16	174.79	184.93	89.51	74.03	90.32	89.08	55.02
	44.69	37.91	39.75	36.41	39.71	33.29	15	15.78	13.01	16.82
	9.01	12.25	14.43	8.49	11.96	14.65	10.3	13.35	15.85	11.24
	13.94	19.03	19.95	22.96	43.76	71.35	446.46	233.77	145.75	115.71
	178.96	184.97	271	172.28	105.23	99.06	101.15	87.48	90.26	85.56
	120.45	110.88	125.64	137.02	298.96	436.42	411.45	502.02	347.62	222.15
	120.16	60.96	62.57	59.58	74.88	72.33	70.4	70.81	65.22	68.13
	65.51	148.97	359.6	222.48	162.31	176.09	121.76	83.37	72.61	62.56
	53.62	31.23	28.01	24.17	21.39	17.16	35.5	23.35	26.91	18.26
	18.33	29.88	16.94	22.79	27.74	20.44	27.77	32.43	22.43	35.1
	46.57	35.68	42.23	59.78	59.72	72.24	122.01	152.27	439.53	731.51
	267.14	108.1	183.46	162.38	148.99	133.61	127.56	161.29	209.56	188.37
	191.23	195.86	288.63	213.91	165.94	300.42	405.03	443.4	448.4	435.68
	520.22	205.41	134.99	94.93	122.58	101.22	132.9	133.84	148.24	160.36
	199.4	151.25	114.73	214.7	707.77	343.3	245.06	132.03	92.14	114.22
	57.65	32.71	29.16	25.84	43.05	24.49	24.05	22.61	40.13	25.21
	44.09	29.4	28.42	45.88	38.43	42.44	52.18	45.19	54.23	66.16
	56.81	61.57	84.43	67.24	76.55	102.68	95.42	115.86	151.68	209.48
	486.44	1047.49	501.55	186.62	168.76	133.39	122.69	123.07	149.53	156.71
	200.18	192.3	183.76	348.35	577.17	512.02	405.3	744.93	671.17	500.94
	510.47	464.73	499.12	419.68	242.73	136.29	177.93	213.14	250.49	334.84
	371.23	514.61	416.43	349.06	300.06	318.71	462.97	343.85	224.25	152.41
	158.66	239.24	69.46	50.34	47.62	36.45	48.75	46.47	29.82	44.91
	49.58	40.89	40.49	32.77	35.24	36.31	37.67	35.3	40.03	39.04
	47.98	63.46	71.37	74.43	98.31	117.08	123.35	135.02	104.92	127.95
	155.63	389.84	359.33	665.12	931.27	491.91	173.82	103.74	91.82	104.13
	111.27	122.69	130.15	141.91	128.81	412.3	396.89	440.67	456.75	697.88
	728.42	431.14	497.36	431.2	462.3	612.71	313.77	214.58	166.93	239.38
	311.86	350.73	339.85	759.63	461.82	302.57	242.06	232.72	243.51	298.9
	271.42	164.73	183.1	138.39	77.14	59.77	52.22	45.6	40.08	49.09
	29.12	48.12	38.89	47.18	43.51	38.85	42.37	35.42	33.5	35.68
	38.03	40.92	48.7	58.2	71.96	95.34	111.32	139.45	145.18	199.54
	286.44	302.39	378.45	366.2	217.02	306.14	276.52	118.95	107.79	88.94
	74.25	77.3	84.6	94.97	102.16	102.78	126.74	294.85	285.57	315.06
	269.54	355.2	348.08	304.36	433.31	291.23	250.11	347.52	297.88	266.15
	212.65	173	191.57	235.74	476.5	715.92	487.51	316.59	284.93	269.72
	604.91	376.78	332.47	259.26	407.71	92.9	76.96	72.58	61.76	56.61
	48.35	45.45	42.88	51.46	46.07	48.95	51.65	49.51	51.13	50.12
	47.08	48.48	43.36	44.25	44.48	54.86	69.44	80.69	85.41	102.63
	140.33	486.26	1642.59	549.68	315.1	184.9	226.54	270.85	549.92	337.73
	112.54	93.76	81.92	80.92	76.08	79.77	84.39	82.26	114.13	140.13
	71.01	104.12	122.6	89.4	76.95	111.82	121.21	67.95	99.69	140.57
	334.33	148.12	134.58	157.29	149.12	222.08	649.89	646.05	637.03	383.17
	349.52	415.94	815.35	417.67	428.22	371.96	332.36	109.69	95.16	77.86
	70.52	54.67	58.13	57.42	55.89	64.05	60.66	54.74	55.69	56.33
	54.64	60.08	57.46	49.96	45.41	46.06	49.82	55.28	67.26	76.16
	85.85	114.58	223.7	735.03	1259.58	215.68	268.88	296.65	284.82	187.72
	259.46	185.78	167.01	93.61	90.71	83.27	72.92	73.29	80.35	86.74
	110.44	55.86	49.19	48.61	75.67	106.92	55.93	61.5	56.83	73.01
	131.35	242.55	572.02	141.04	135.23	199.83	227.64	216.62	594.22	751.47
	676.35	895.94	873.38	435.95	515.36	712.16	953.95	890.68	714.07	199.4
	135.23	98.79	83.23	68.47	71.31	70.89	60.64	65.71	62.28	53.82
	63.71	60.81	57.44	57.4	58.78	52.02	53.12	54.78	56.34	59.53
	63.43	74.62	106.46	179.77	332.52	471.01	681.05	270.14	300.16	467
	402.67	172.77	229.97	141.8	190.48	198.15	111.88	92.88	76.79	72.26
	79.23	94.45	106.79	97.28	66.61	55.39	52.97	58.73	65.28	81.74
	71.68	100.78	529.58	342.69	240.49	384.16	670.24	816.4	294.59	367.77
	406.78	659.19	970.72	1177.42	923.15	490.48	511.01	1037.79	1391.2	1300.91
	1144.77	410.91	210.91	137.74	97.24	80.23	73.87	76.17	68.12	69.98
	66.85	60.64	66.51	59.66	56.54	56.2	66.79	60.58	55.01	59.25
	58.08	56.27	58.73	78.98	244.68	267.3	381.9	363.32	555.78	842.47
	776.45	591.88	476.92	245.37	267.01	163.05	159.58	203.88	225.11	120.67
	88.55	80.79	82.62	94.24	103.44	137.09	152.41	77.35	61.8	63.1
	73.1	140.1	117.94	145.42	846.99	338.84	154.16	598.2	633.42	255.86
	150.95	201.57	388.24	1025.59	762.78	247.32	229.11	355.67	533.79	1547.32
	1493.21	1807.16	1317.81	536.72	451.1	273.25	184.6	141.58	118.07	110.99
	102.6	85.15	76.9	70.14	94.43	87.57	79.5	70.86	73.97	74.66
	68.85	60.8	60.84	61.06	62.15	115.11	669.33	415.93	238.27	326.65
	544.96	708.23	728.03	784.85	656.18	506.52	344.04	217.22	169.62	164.83
	171.13	234.94	135.42	106.45	98.12	107.32	120.76	203.47	349.55	282.42
	189.91	137.17	230.33	262.14	321.09	389.19	630.05	1092.66	429.37	1356
	585.34	146.52	165.34	118.79	386.9	569.62	130.34	112.25	84.76	142.38
	515.55	1231.31	1659.29	2218.51	1597.93	817.96	831.92	775.39	487.39	327.63
	235.18	174.82	157.93	139.69	121.68	104.05	131.7	116.96	103.55	100.61
	96.95	96.13	83.39	78.33	75.47	68.46	78.54	285.87	309.49	165.35
	196.81	308.88	599.36	723.03	967.6	1029.71	1006.14	854.55	573.67	394.54
	277.77	213.55	181.43	181.41	250.91	170.44	135.04	141.44	169.29	380
	551.75	541.66	690.25	592.34	519.58	480.5	399.98	514.7	699.2	918.38
	911.35	952.81	849.93	245.17	235.49	245.14	298.26	194.23	74.76	61.95
	82.95	93.69	345.51	555.13	1080.31	2183.81	1232.37	1832.08	992.99	865.98
	1008.82	516.81	328.03	266.16	211.78	181.51	158.9	141.44	155.91	131.8
	111.43	112.45	112.08	103.69	100.34	95.9	101.59	102.35	94.25	169.78
	115.19	143.31	239.69	364.96	502.83	843.7	1351.27	1376.42	1254.7	1808.12
	753.89	528.15	455.89	355.34	254.35	231.83	211.91	307.05	257.93	266.79
	316.85	332.73	715.88	530.55	421	437.37	509.65	583.98	382.67	835.49
	820.17	497.44	609.76	694.94	316.58	127.9	147	338.88	415.57	172.69
	93.29	71.85	63.37	146.09	116.18	159.76	421.41	1528.56	1144.44	1534.92
	663.5	354.28	414.47	333.42	342.16	289.2	228.95	204.61	184.3	167.88
	137.08	110.27	101.29	92.13	104.71	119.09	118.36	110.81	94.59	82.62
	80.43	223.24	133.6	114.03	152.05	223.24	336.6	740.35	744.85	774.01
	926.23	1103.2	675.95	635.29	539.46	474.33	367.63	472.01	408.17	364.08
	363.71	383.66	310.79	278.3	688.75	483.18	583.57	738.03	921.91	623.44
	479.59	603.22	454.85	399.3	497.74	371.15	207.89	105.63	137.67	107.56
	147.45	197.53	186.49	208.24	85.75	76.3	74.14	81.75	97.34	219.36
	545.46	1071.72	739.06	263.04	352.32	224.58	217.4	217.85	205.36	189.37
	174.46	139.35	121.9	107.64	118.58	110.64	110.58	83.29	80.46	75.3
	73.97	72.2	80.76	290.61	203.34	134.77	132.46	174.73	272.63	309.3
	261.65	276.7	292.59	408.82	355.34	241.94	250.13	235.95	328.24	383.65
	512.08	518.44	481.31	359.58	322.1	408.29	567.23	850.75	1094.3	1044.9
	952.52	726.53	604.68	640.14	706.68	734.26	550.2	336.43	225.28	165.83
	147.47	127.42	139.96	124.1	132.66	135.33	107.1	112.5	104.24	140.23
	107.2	96.44	320.79	657.46	581.28	261.02	162.42	125	166.54	142.03
	138.73	128.79	114.04	122.96	73.06	67.48	80.95	82.79	71.44	63.79
	64.19	66.64	67.31	75.27	86.53	117.25	114.78	186.68	162.76	176.07
	159.52	127.42	108.39	102.01	124.83	147.71	124.33	129.29	119.46	116.4
	181.14	229.37	236.22	246.61	262.14	359.87	391.27	389.96	562.41	983.55
	1328.24	1677.9	1293.9	909.16	771.15	667.67	671.09	652.1	511.04	384.3
	392.11	358.15	297.51	259.51	223.58	197.26	246.59	189.23	120.69	91.61
	136.66	154.43	115.25	170.58	229.96	289.59	248.42	160.75	94.04	96.21
	134.09	108.43	95.97	112.23	98.82	86.24	69.75	64.24	67.37	69.25
	60.11	54.35	53.85	58.51	80.92	91.39	59.95	59.15	59.62	93.35
	87.38	74.68	69.29	70.78	71.45	65.67	67.39	66.43	64.73	64.7
	62.05	91.46	153.98	157.64	156.12	156.37	162.95	181.57	201.55	223.82
	351.89	689.64	620.23	1128.4	1370.01	1129.75	866.34	698.83	629.65	713.91
	526.14	457.15	442.3	376.29	401.06	301.81	275.37	217.34	291.86	327.17
	165.73	123.13	120.83	91.52	79.23	81.14	106.41	121.5	104.98	84.34
	83.19	89.78	106.41	90.41	60.37	88.4	86.87	76.39	71.96	60.32
	57.56	52.68	48.24	42.94	63.55	89.06	55.21	55.92	42.53	34.66
	43.33	47.99	50.72	46.64	50.35	48.6	46.81	50.18	49.34	43.26
	47.91	40.59	54.87	102.66	139.08	111.77	110.8	133.95	150.66	170.78
	167.62	183	232.71	298.03	356.62	589.2	753.25	775.93	976.35	681.88
	540.65	400.3	363.94	284.32	292.51	304.32	264.49	179.1	151.2	152.07
	140.2	144.97	131.21	90.98	87.2	75.47	78.08	75.2	68.3	64.13
	57.57	63.38	62.08	66.92	65.33	62.54	47.11	65.51	76.74	79.87
	53.84	36.84	31.29	36.64	56.51	53.43	59.38	36.99	29.58	45.64
	40.95	35.68	34.11	31.88	31.95	31.86	30.58	32.35	38.9	33.51
	25.52	27.26	19.51	26.82	51.2	88.03	45.38	29.44	130.52	114.4
	148.4	156.9	140.46	151.2	158.62	177.74	235.74	259.55	231.27	342.84
	769.41	437.39	284.07	236.6	254.39	203.9	193.22	170.44	129.16	131.72
	145.07	138.54	103.8	93.85	86.41	70.49	65.55	62.31	62.58	55.37
	54.49	53.72	60.07	53.83	52.26	47.25	51.29	55.58	57.57	49.97
	46.94	58.03	28.58	26.81	31.77	34.02	57.46	66.82	62.56	68.06
	36.84	31.37	27.96	24.12	24.02	25.28	23.41	30.67	26.09	24.65
	26.44	17.83	15.3	16.96	18.46	18.73	27.33	33.64	25.92	17.8
	61.5	69.23	117.36	110.48	70.14	91.44	96.09	117.76	169.77	190.16
	197.14	181.14	251.36	214.67	163.04	122.9	136.04	150.77	120.84	108.9
	100.24	92.05	86.24	75.01	74.08	72.92	69.72	59.81	55.05	56.2
	51.39	48.96	47.9	50.51	37.92	35.53	31.22	31.54	34.69	32.41
	35.81	34.98	29.33	28.58	26.7	27.42	25.3	26.81	23.65	27.06
	27.55	31.5	25.64	29.22	25.73	23.39	18.34	19.04	19.81	19.31
	16.77	13.49	16.23	12.25	12.88	16.58	16.37	19.94	17.91	19.89
	18.49	13.33	11.24	13.47	16.28	21.13	55.82	78.66	87.94	118.83
	130.97	141.26	164.83	197.01	161.24	119.47	177.78	190.42	171.09	158.78
	133.91	98.68	96.17	88.1	52.76	66.85	66.07	56.02	47.34	36.66
	33.92	38.03	32.84	32.18	33.24	37.21	31.13	24.99	22.78	22.05
	18.39	17.83	19.6	19.26	20.27	20.96	17.24	15.46	16.28	13.97
	11.74	19.01	13.9	15.3	17.87	19.22	16.1	22.72	17.45	14.6
	14.51	11.68	8.76	9.79	8.54	12.03	14.61	15.68	13.93	15.24
	17.16	13.38	14.77	9.91	9.49	10.2	13.02	14.78	29.94	43.38
	78.17	97.69	121.16	137.22	150.02	161.49	130.05	145.47	166.56	150.72
	150.88	163.3	118.9	62.39	40.46	41.69	48.68	48.64	42.08	39.32
	28.42	26.76	27.33	25.08	22.26	20.06	21.64	21.64	19.15	17
	12.95	18.02	15.22	13.67	10.55	11.21	12.41	10.47	9.04	8.73
	8.28	8.42	9.43	9.4	9.07	9.99	11.54	12.64	11.77	18.39
	16.87	15.42	13.84	12.31	10.88	7.03	6.98	12.72	12.08	6.89
	6.02	8.72	8.14	9.35	9.27	7.16	6.6	8.04	10.6	11.11
	12.49	13.05	21.74	47.67	79.91	89.98	90.99	53.66	44.04	47.11
	57.53	63.26	62.08	63.65	51.47	58.25	46.1	40.76	30.01	19.96
	18.62	28.69	19.85	17.75	16.89	17.29	18.7	12.97	7.69	11.1
	11.71	13.59	17.81	15.07	16.97	10.08	9.63	7.55	8.62	9.98
	7.18	7.04	7.65	7.51	8.09	8.89	8.63	8.72	9.26	8.93
	9.27	9.77	10.54	12.01	11.48	17.67	14.41	11.69	11.69	13.9
	12.87	8.14	6.36	5.94	5.62	6.78	6.94	5.96	6.57	8.03
	7.83	8.84	9.31	16.99	10.25	11.68	21.14	29.52	40.07	30.61
	27.17	36.09	26.79	33.08	33.49	38.43	38.4	37.01	34.7	29.85
	19.94	15.71	15.81	16.01	16.94	15.31	17.96	14.68	14.05	9.64
	9.37	7.72	8.26	9.32	12.97	12.18	10.53	8.97	9.37	9.43
	8.47	7.83	7.91	8.21	8.49	7.98	8.07	7.68	7.65	7.7
	8.14	8.57	9.99	10.62	11.14	11.12	10.21	9.73	10.21	10.08
	9.94	19.42	18.24	16.01	15.53	16.34	11.48	17.27	17.55	16.67
	16.44	15.05	16.37	20.23	11.17	10.39	11.52	10.61	9.88	10
	10.24	9.82	10.84	11.1	12.31	12.45	13.9	15.3	16.37	17.43
	18.24	18.78	18.48	18.46	17.59	17.19	16.41	16.58	16	14.61
	13.52	13.66	12.68	15.5	15.52	15.65	14.91	13.82	12.55	11.82
	10.56	9.12	8.05	7.89	13.57	13.57	13.57	13.57	13.57	13.57
	13.57	13.57	13.57	13.57	13.57	13.57	13.57	13.57	13.57	13.57
	13.57	13.57	13.57	13.57	13.57	13.57	13.57	13.57	13.57	13.57
	13.57	13.57	13.57	13.57	13.57	13.57	13.57	13.57	13.57	13.57
	13.57	13.57	13.57	13.57	13.57	13.57	13.57	13.57	13.57	13.57
	13.57	13.57	13.57	13.57	13.57	13.57	13.57	13.57	13.57	13.57
	13.57	13.57	13.57	13.57	13.57	13.57	13.57	13.57	13.57	13.57
	13.57	13.57	13.57	13.57	13.57	13.57				